1/3    3    [3]
1/3    24    [4, 6]
1/3    30    [5, 6]
1/3    36    [4, 9]
1/3    378    [6, 7, 9]
1/3    480    [5, 8, 12]
1/3    504    [7, 8, 9]
1/3    540    [5, 9, 12]
1/3    600    [4, 10, 15]
1/3    660    [5, 11, 12]
1/3    720    [5, 9, 16]
1/3    840    [5, 8, 21]
1/3    936    [4, 13, 18]
1/3    1,260    [5, 7, 36]
1/3    1,320    [4, 11, 30]
1/3    1,404    [4, 13, 27]
1/3    1,980    [4, 11, 45]
1/3    7,200    [6, 8, 10, 15]
1/3    9,450    [7, 9, 10, 15]
1/3    9,900    [6, 10, 11, 15]
1/3    10,560    [6, 8, 11, 20]
1/3    10,560    [6, 10, 11, 16]
1/3    10,800    [6, 8, 9, 25]
1/3    13,860    [7, 10, 11, 18]
1/3    15,120    [5, 12, 14, 18]
1/3    15,120    [7, 9, 10, 24]
1/3    15,180    [6, 10, 11, 23]
1/3    17,640    [5, 12, 14, 21]
1/3    19,656    [7, 8, 13, 27]
1/3    20,160    [5, 14, 16, 18]
1/3    20,160    [7, 9, 10, 32]
1/3    21,120    [5, 11, 16, 24]
1/3    21,168    [4, 14, 18, 21]
1/3    22,680    [5, 9, 21, 24]
1/3    23,760    [5, 11, 18, 24]
1/3    26,460    [5, 9, 21, 28]
1/3    27,720    [5, 11, 21, 24]
1/3    27,720    [7, 8, 11, 45]
1/3    28,080    [5, 13, 16, 27]
1/3    29,040    [4, 10, 22, 33]
1/3    29,232    [4, 14, 18, 29]
1/3    30,240    [5, 9, 24, 28]
1/3    30,360    [5, 11, 23, 24]
1/3    31,680    [5, 11, 16, 36]
1/3    31,680    [5, 11, 18, 32]
1/3    31,752    [4, 14, 21, 27]
1/3    32,400    [4, 10, 18, 45]
1/3    33,480    [5, 9, 24, 31]
1/3    34,104    [4, 14, 21, 29]
1/3    36,936    [4, 18, 19, 27]
1/3    36,960    [5, 11, 16, 42]
1/3    37,440    [5, 8, 26, 36]
1/3    38,880    [5, 8, 27, 36]
1/3    40,320    [5, 9, 28, 32]
1/3    40,560    [5, 8, 26, 39]
1/3    41,040    [4, 10, 18, 57]
1/3    41,040    [4, 15, 18, 38]
1/3    43,560    [4, 15, 22, 33]
1/3    43,848    [4, 18, 21, 29]
1/3    43,920    [4, 10, 18, 61]
1/3    44,640    [5, 8, 31, 36]
1/3    44,640    [5, 9, 31, 32]
1/3    48,600    [4, 10, 27, 45]
1/3    48,720    [4, 10, 29, 42]
1/3    51,000    [4, 10, 25, 51]
1/3    51,000    [4, 15, 25, 34]
1/3    53,352    [4, 19, 26, 27]
1/3    55,440    [5, 11, 14, 72]
1/3    55,800    [4, 10, 31, 45]
1/3    56,160    [5, 8, 26, 54]
1/3    56,160    [5, 8, 27, 52]
1/3    58,800    [4, 10, 14, 105]
1/3    59,280    [5, 8, 38, 39]
1/3    65,772    [4, 21, 27, 29]
1/3    65,880    [4, 15, 18, 61]
1/3    66,960    [5, 8, 31, 54]
1/3    68,040    [4, 10, 27, 63]
1/3    68,040    [5, 8, 27, 63]
1/3    70,200    [4, 10, 27, 65]
1/3    70,200    [4, 13, 30, 45]
1/3    73,080    [4, 15, 29, 42]
1/3    78,120    [4, 10, 31, 63]
1/3    78,120    [5, 8, 31, 63]
1/3    78,960    [4, 10, 14, 141]
1/3    88,200    [4, 15, 21, 70]
1/3    97,680    [5, 8, 22, 111]
1/3    98,280    [4, 10, 27, 91]
1/3    98,280    [4, 13, 30, 63]
1/3    98,280    [4, 13, 42, 45]
1/3    98,280    [5, 8, 27, 91]
1/3    98,820    [4, 15, 27, 61]
1/3    102,960    [4, 13, 22, 90]
1/3    102,960    [5, 11, 13, 144]
1/3    109,620    [4, 15, 29, 63]
1/3    113,256    [4, 13, 22, 99]
1/3    118,440    [4, 15, 21, 94]
1/3    120,960    [5, 7, 48, 72]
1/3    121,440    [5, 8, 23, 132]
1/3    129,360    [4, 11, 42, 70]
1/3    129,600    [8, 9, 10, 12, 15]
1/3    136,080    [5, 7, 54, 72]
1/3    146,880    [5, 9, 17, 192]
1/3    151,800    [4, 10, 23, 165]
1/3    151,800    [4, 15, 23, 110]
1/3    154,440    [4, 13, 33, 90]
1/3    158,400    [8, 10, 11, 12, 15]
1/3    161,280    [5, 7, 64, 72]
1/3    165,000    [4, 11, 50, 75]
1/3    166,320    [4, 11, 42, 90]
1/3    166,320    [5, 7, 66, 72]
1/3    171,360    [5, 7, 68, 72]
1/3    173,880    [5, 7, 69, 72]
1/3    178,200    [9, 10, 11, 12, 15]
1/3    178,920    [5, 7, 71, 72]
1/3    181,440    [5, 7, 48, 108]
1/3    181,440    [5, 7, 54, 96]
1/3    181,440    [5, 7, 64, 81]
1/3    181,440    [8, 9, 10, 12, 21]
1/3    182,160    [5, 8, 23, 198]
1/3    190,080    [8, 9, 10, 12, 22]
1/3    190,080    [8, 9, 11, 12, 20]
1/3    194,040    [4, 11, 42, 105]
1/3    195,840    [5, 9, 17, 256]
1/3    196,560    [5, 7, 52, 108]
1/3    196,560    [5, 7, 54, 104]
1/3    201,600    [6, 8, 14, 15, 20]
1/3    201,600    [6, 10, 14, 15, 16]
1/3    210,600    [6, 9, 13, 15, 20]
1/3    212,520    [4, 10, 23, 231]
1/3    212,520    [4, 15, 23, 154]
1/3    212,520    [5, 8, 23, 231]
1/3    221,760    [8, 10, 11, 12, 21]
1/3    223,080    [4, 11, 65, 78]
1/3    224,640    [9, 10, 12, 13, 16]
1/3    226,800    [7, 10, 12, 15, 18]
1/3    226,800    [8, 9, 10, 15, 21]
1/3    231,000    [4, 11, 50, 105]
1/3    231,000    [4, 11, 70, 75]
1/3    231,660    [4, 13, 33, 135]
1/3    237,600    [8, 10, 11, 15, 18]
1/3    237,600    [9, 10, 11, 15, 16]
1/3    241,920    [7, 10, 12, 16, 18]
1/3    242,880    [8, 10, 11, 12, 23]
1/3    244,200    [4, 11, 50, 111]
1/3    244,200    [4, 11, 74, 75]
1/3    247,104    [8, 9, 12, 13, 22]
1/3    249,480    [4, 11, 63, 90]
1/3    249,480    [9, 10, 11, 12, 21]
1/3    251,100    [6, 9, 10, 15, 31]
1/3    254,016    [6, 8, 9, 21, 28]
1/3    257,400    [4, 11, 65, 90]
1/3    258,720    [8, 10, 11, 14, 21]
1/3    265,320    [4, 11, 67, 90]
1/3    266,112    [7, 8, 12, 18, 22]
1/3    267,840    [8, 9, 10, 12, 31]
1/3    277,200    [8, 10, 11, 15, 21]
1/3    280,800    [8, 9, 13, 15, 20]
1/3    282,240    [6, 8, 10, 21, 28]
1/3    286,440    [4, 11, 42, 155]
1/3    291,060    [4, 11, 63, 105]
1/3    291,060    [6, 11, 14, 15, 21]
1/3    291,060    [9, 10, 11, 14, 21]
1/3    302,400    [6, 9, 14, 16, 25]
1/3    302,400    [7, 10, 15, 16, 18]
1/3    303,600    [8, 10, 11, 15, 23]
1/3    316,800    [6, 11, 15, 16, 20]
1/3    325,080    [5, 7, 43, 216]
1/3    332,640    [7, 11, 12, 18, 20]
1/3    332,640    [8, 10, 11, 18, 21]
1/3    334,620    [4, 11, 65, 117]
1/3    334,800    [8, 9, 10, 15, 31]
1/3    340,200    [7, 10, 12, 15, 27]
1/3    348,480    [6, 8, 10, 22, 33]
1/3    350,784    [7, 8, 12, 18, 29]
1/3    352,800    [6, 8, 10, 21, 35]
1/3    364,320    [8, 10, 11, 18, 23]
1/3    374,220    [4, 11, 63, 135]
1/3    381,480    [4, 11, 34, 255]
1/3    381,480    [4, 11, 51, 170]
1/3    385,560    [7, 9, 12, 15, 34]
1/3    386,100    [4, 11, 65, 135]
1/3    388,080    [6, 11, 14, 20, 21]
1/3    389,760    [6, 8, 10, 28, 29]
1/3    396,000    [6, 11, 15, 16, 25]
1/3    397,980    [4, 11, 67, 135]
1/3    409,248    [6, 8, 14, 21, 29]
1/3    413,280    [5, 7, 41, 288]
1/3    415,800    [7, 11, 15, 18, 20]
1/3    425,040    [8, 11, 14, 15, 23]
1/3    429,660    [4, 11, 63, 155]
1/3    438,048    [6, 8, 9, 26, 39]
1/3    443,520    [7, 11, 16, 18, 20]
1/3    444,528    [6, 8, 9, 21, 49]
1/3    453,600    [6, 8, 10, 21, 45]
1/3    455,400    [6, 11, 15, 20, 23]
1/3    475,200    [6, 8, 9, 20, 55]
1/3    485,100    [6, 10, 11, 21, 35]
1/3    485,760    [6, 11, 16, 20, 23]
1/3    491,400    [8, 9, 13, 15, 35]
1/3    498,960    [7, 10, 12, 22, 27]
1/3    498,960    [7, 11, 12, 20, 27]
1/3    520,128    [6, 8, 9, 28, 43]
1/3    526,176    [7, 8, 12, 27, 29]
1/3    527,040    [6, 8, 9, 20, 61]
1/3    527,040    [6, 9, 10, 16, 61]
1/3    533,520    [8, 9, 13, 15, 38]
1/3    538,560    [6, 11, 15, 17, 32]
1/3    561,000    [4, 11, 34, 375]
1/3    561,000    [4, 11, 51, 250]
1/3    561,600    [6, 8, 13, 20, 45]
1/3    561,600    [6, 10, 13, 16, 45]
1/3    564,480    [5, 14, 16, 21, 24]
1/3    582,120    [8, 9, 11, 21, 35]
1/3    589,680    [5, 7, 39, 432]
1/3    591,360    [6, 10, 11, 28, 32]
1/3    594,000    [6, 9, 11, 25, 40]
1/3    594,000    [8, 9, 11, 25, 30]
1/3    595,296    [6, 9, 13, 16, 53]
1/3    604,800    [7, 9, 12, 16, 50]
1/3    623,700    [6, 10, 11, 21, 45]
1/3    635,040    [5, 12, 18, 21, 28]
1/3    635,040    [5, 14, 18, 21, 24]
1/3    646,800    [6, 10, 11, 28, 35]
1/3    665,280    [7, 10, 11, 24, 36]
1/3    669,240    [6, 10, 11, 26, 39]
1/3    669,600    [6, 8, 10, 31, 45]
1/3    705,600    [6, 8, 10, 14, 105]
1/3    715,680    [6, 8, 10, 21, 71]
1/3    763,776    [6, 9, 13, 17, 64]
1/3    776,160    [5, 14, 21, 22, 24]
1/3    776,160    [6, 10, 11, 21, 56]
1/3    784,080    [6, 8, 9, 15, 121]
1/3    786,240    [7, 10, 13, 27, 32]
1/3    795,960    [6, 9, 11, 20, 67]
1/3    831,600    [7, 10, 11, 15, 72]
1/3    831,600    [7, 10, 11, 24, 45]
1/3    846,720    [5, 14, 16, 21, 36]
1/3    846,720    [5, 14, 18, 21, 32]
1/3    846,720    [5, 16, 18, 21, 28]
1/3    861,840    [5, 7, 38, 648]
1/3    876,960    [7, 8, 15, 29, 36]
1/3    887,040    [7, 10, 11, 32, 36]
1/3    887,328    [6, 8, 9, 26, 79]
1/3    898,560    [5, 13, 16, 24, 36]
1/3    902,880    [8, 9, 11, 15, 76]
1/3    904,176    [8, 9, 13, 14, 69]
1/3    907,200    [7, 8, 10, 36, 45]
1/3    942,480    [7, 10, 11, 34, 36]
1/3    952,560    [5, 12, 21, 27, 28]
1/3    973,440    [5, 12, 16, 26, 39]
1/3    997,920    [7, 9, 11, 24, 60]
1/3    997,920    [7, 9, 11, 30, 48]
1/3    997,920    [7, 10, 11, 24, 54]
1/3    1,034,880    [6, 8, 11, 28, 70]
1/3    1,054,080    [5, 12, 16, 18, 61]
1/3    1,058,400    [4, 14, 18, 30, 35]
1/3    1,081,080    [7, 10, 11, 26, 54]
1/3    1,128,960    [5, 12, 16, 21, 56]
1/3    1,135,680    [5, 14, 16, 26, 39]
1/3    1,149,120    [7, 8, 15, 18, 76]
1/3    1,149,876    [6, 7, 26, 27, 39]
1/3    1,169,280    [5, 12, 16, 29, 42]
1/3    1,219,680    [4, 14, 22, 30, 33]
1/3    1,234,800    [4, 14, 21, 30, 35]
1/3    1,235,520    [9, 10, 11, 13, 96]
1/3    1,264,032    [6, 8, 9, 22, 133]
1/3    1,283,040    [5, 11, 24, 27, 36]
1/3    1,315,440    [5, 16, 21, 27, 29]
1/3    1,315,440    [7, 8, 15, 29, 54]
1/3    1,330,560    [5, 11, 24, 28, 36]
1/3    1,330,560    [7, 8, 11, 36, 60]
1/3    1,330,560    [7, 9, 11, 40, 48]
1/3    1,330,992    [6, 8, 13, 27, 79]
1/3    1,347,840    [5, 13, 16, 24, 54]
1/3    1,359,072    [6, 8, 13, 22, 99]
1/3    1,360,800    [7, 8, 10, 45, 54]
1/3    1,372,140    [6, 7, 22, 33, 45]
1/3    1,375,920    [6, 8, 13, 35, 63]
1/3    1,383,480    [7, 8, 15, 27, 61]
1/3    1,391,040    [7, 8, 10, 36, 69]
1/3    1,422,720    [5, 12, 16, 26, 57]
1/3    1,426,920    [4, 11, 47, 690]
1/3    1,431,360    [7, 8, 10, 36, 71]
1/3    1,458,000    [4, 18, 25, 27, 30]
1/3    1,542,240    [7, 9, 10, 48, 51]
1/3    1,552,320    [5, 11, 24, 28, 42]
1/3    1,552,320    [5, 12, 21, 22, 56]
1/3    1,552,320    [6, 8, 11, 28, 105]
1/3    3    [3]
1/3    24    [4, 6]
1/3    30    [5, 6]
1/3    36    [4, 9]
1/3    378    [6, 7, 9]
1/3    480    [5, 8, 12]
1/3    504    [7, 8, 9]
1/3    540    [5, 9, 12]
1/3    600    [4, 10, 15]
1/3    660    [5, 11, 12]
1/3    720    [5, 8, 18]
1/3    720    [5, 9, 16]
1/3    840    [4, 10, 21]
1/3    840    [4, 14, 15]
1/3    840    [5, 8, 21]
1/3    936    [4, 13, 18]
1/3    1,260    [5, 7, 36]
1/3    1,320    [4, 11, 30]
1/3    1,404    [4, 13, 27]
1/3    1,980    [4, 11, 45]
1/3    7,200    [6, 8, 10, 15]
1/3    9,450    [7, 9, 10, 15]
1/3    9,900    [6, 10, 11, 15]
1/3    10,560    [6, 8, 11, 20]
1/3    10,560    [6, 10, 11, 16]
1/3    10,800    [6, 8, 9, 25]
1/3    13,860    [7, 10, 11, 18]
1/3    15,120    [5, 12, 14, 18]
1/3    15,120    [7, 9, 10, 24]
1/3    15,180    [6, 10, 11, 23]
1/3    17,640    [5, 12, 14, 21]
1/3    19,656    [7, 8, 13, 27]
1/3    20,160    [5, 14, 16, 18]
1/3    20,160    [7, 9, 10, 32]
1/3    21,120    [5, 11, 16, 24]
1/3    21,168    [4, 14, 18, 21]
1/3    22,680    [5, 9, 21, 24]
1/3    23,760    [5, 11, 18, 24]
1/3    26,460    [5, 9, 21, 28]
1/3    27,720    [5, 11, 21, 24]
1/3    27,720    [7, 8, 11, 45]
1/3    28,080    [5, 13, 16, 27]
1/3    29,040    [4, 10, 22, 33]
1/3    29,232    [4, 14, 18, 29]
1/3    30,240    [5, 9, 24, 28]
1/3    30,360    [5, 11, 23, 24]
1/3    31,680    [5, 11, 16, 36]
1/3    31,680    [5, 11, 18, 32]
1/3    31,752    [4, 14, 21, 27]
1/3    32,400    [4, 10, 18, 45]
1/3    33,480    [5, 9, 24, 31]
1/3    34,104    [4, 14, 21, 29]
1/3    36,936    [4, 18, 19, 27]
1/3    36,960    [5, 11, 16, 42]
1/3    37,440    [5, 8, 26, 36]
1/3    38,880    [5, 8, 27, 36]
1/3    40,320    [5, 9, 28, 32]
1/3    40,560    [5, 8, 26, 39]
1/3    41,040    [4, 10, 18, 57]
1/3    41,040    [4, 15, 18, 38]
1/3    43,560    [4, 15, 22, 33]
1/3    43,848    [4, 18, 21, 29]
1/3    43,920    [4, 10, 18, 61]
1/3    44,640    [5, 8, 31, 36]
1/3    44,640    [5, 9, 31, 32]
1/3    48,600    [4, 10, 27, 45]
1/3    48,720    [4, 10, 29, 42]
1/3    51,000    [4, 10, 25, 51]
1/3    51,000    [4, 15, 25, 34]
1/3    53,352    [4, 19, 26, 27]
1/3    55,440    [5, 11, 14, 72]
1/3    55,800    [4, 10, 31, 45]
1/3    56,160    [5, 8, 26, 54]
1/3    56,160    [5, 8, 27, 52]
1/3    58,800    [4, 10, 14, 105]
1/3    59,280    [5, 8, 38, 39]
1/3    65,772    [4, 21, 27, 29]
1/3    65,880    [4, 15, 18, 61]
1/3    66,960    [5, 8, 31, 54]
1/3    68,040    [4, 10, 27, 63]
1/3    68,040    [5, 8, 27, 63]
1/3    70,200    [4, 10, 27, 65]
1/3    70,200    [4, 13, 30, 45]
1/3    73,080    [4, 15, 29, 42]
1/3    78,120    [4, 10, 31, 63]
1/3    78,120    [5, 8, 31, 63]
1/3    78,960    [4, 10, 14, 141]
1/3    88,200    [4, 15, 21, 70]
1/3    97,680    [5, 8, 22, 111]
1/3    98,280    [4, 10, 27, 91]
1/3    98,280    [4, 13, 30, 63]
1/3    98,280    [4, 13, 42, 45]
1/3    98,280    [5, 8, 27, 91]
1/3    98,820    [4, 15, 27, 61]
1/3    102,960    [4, 13, 22, 90]
1/3    102,960    [5, 11, 13, 144]
1/3    109,620    [4, 15, 29, 63]
1/3    113,256    [4, 13, 22, 99]
1/3    118,440    [4, 15, 21, 94]
1/3    120,960    [5, 7, 48, 72]
1/3    121,440    [5, 8, 23, 132]
1/3    129,360    [4, 11, 42, 70]
1/3    129,600    [8, 9, 10, 12, 15]
1/3    136,080    [5, 7, 54, 72]
1/3    146,880    [5, 9, 17, 192]
1/3    151,800    [4, 10, 23, 165]
1/3    151,800    [4, 15, 23, 110]
1/3    154,440    [4, 13, 33, 90]
1/3    158,400    [8, 10, 11, 12, 15]
1/3    161,280    [5, 7, 64, 72]
1/3    165,000    [4, 11, 50, 75]
1/3    166,320    [4, 11, 42, 90]
1/3    166,320    [5, 7, 66, 72]
1/3    171,360    [5, 7, 68, 72]
1/3    173,880    [5, 7, 69, 72]
1/3    178,200    [9, 10, 11, 12, 15]
1/3    178,920    [5, 7, 71, 72]
1/3    181,440    [5, 7, 48, 108]
1/3    181,440    [5, 7, 54, 96]
1/3    181,440    [5, 7, 64, 81]
1/3    181,440    [8, 9, 10, 12, 21]
1/3    182,160    [5, 8, 23, 198]
1/3    190,080    [8, 9, 10, 12, 22]
1/3    190,080    [8, 9, 11, 12, 20]
1/3    194,040    [4, 11, 42, 105]
1/3    195,840    [5, 9, 17, 256]
1/3    196,560    [5, 7, 52, 108]
1/3    196,560    [5, 7, 54, 104]
1/3    201,600    [6, 8, 14, 15, 20]
1/3    201,600    [6, 10, 14, 15, 16]
1/3    210,600    [6, 9, 13, 15, 20]
1/3    212,520    [4, 10, 23, 231]
1/3    212,520    [4, 15, 23, 154]
1/3    212,520    [5, 8, 23, 231]
1/3    221,760    [8, 10, 11, 12, 21]
1/3    223,080    [4, 11, 65, 78]
1/3    224,640    [9, 10, 12, 13, 16]
1/3    226,800    [7, 10, 12, 15, 18]
1/3    226,800    [8, 9, 10, 15, 21]
1/3    231,000    [4, 11, 50, 105]
1/3    231,000    [4, 11, 70, 75]
1/3    231,660    [4, 13, 33, 135]
1/3    237,600    [8, 10, 11, 15, 18]
1/3    237,600    [9, 10, 11, 15, 16]
1/3    241,920    [7, 10, 12, 16, 18]
1/3    242,880    [8, 10, 11, 12, 23]
1/3    244,200    [4, 11, 50, 111]
1/3    244,200    [4, 11, 74, 75]
1/3    247,104    [8, 9, 12, 13, 22]
1/3    249,480    [4, 11, 63, 90]
1/3    249,480    [9, 10, 11, 12, 21]
1/3    251,100    [6, 9, 10, 15, 31]
1/3    254,016    [6, 8, 9, 21, 28]
1/3    257,400    [4, 11, 65, 90]
1/3    258,720    [8, 10, 11, 14, 21]
1/3    265,320    [4, 11, 67, 90]
1/3    266,112    [7, 8, 12, 18, 22]
1/3    267,840    [8, 9, 10, 12, 31]
1/3    277,200    [8, 10, 11, 15, 21]
1/3    280,800    [8, 9, 13, 15, 20]
1/3    282,240    [6, 8, 10, 21, 28]
1/3    286,440    [4, 11, 42, 155]
1/3    291,060    [4, 11, 63, 105]
1/3    291,060    [6, 11, 14, 15, 21]
1/3    291,060    [9, 10, 11, 14, 21]
1/3    302,400    [6, 9, 14, 16, 25]
1/3    302,400    [7, 10, 15, 16, 18]
1/3    303,600    [8, 10, 11, 15, 23]
1/3    316,800    [6, 11, 15, 16, 20]
1/3    325,080    [5, 7, 43, 216]
1/3    332,640    [7, 11, 12, 18, 20]
1/3    332,640    [8, 10, 11, 18, 21]
1/3    334,620    [4, 11, 65, 117]
1/3    334,800    [8, 9, 10, 15, 31]
1/3    340,200    [7, 10, 12, 15, 27]
1/3    348,480    [6, 8, 10, 22, 33]
1/3    350,784    [7, 8, 12, 18, 29]
1/3    352,800    [6, 8, 10, 21, 35]
1/3    364,320    [8, 10, 11, 18, 23]
1/3    374,220    [4, 11, 63, 135]
1/3    381,480    [4, 11, 34, 255]
1/3    381,480    [4, 11, 51, 170]
1/3    385,560    [7, 9, 12, 15, 34]
1/3    386,100    [4, 11, 65, 135]
1/3    388,080    [6, 11, 14, 20, 21]
1/3    389,760    [6, 8, 10, 28, 29]
1/3    396,000    [6, 11, 15, 16, 25]
1/3    397,980    [4, 11, 67, 135]
1/3    409,248    [6, 8, 14, 21, 29]
1/3    413,280    [5, 7, 41, 288]
1/3    415,800    [7, 11, 15, 18, 20]
1/3    425,040    [8, 11, 14, 15, 23]
1/3    429,660    [4, 11, 63, 155]
1/3    438,048    [6, 8, 9, 26, 39]
1/3    443,520    [7, 11, 16, 18, 20]
1/3    444,528    [6, 8, 9, 21, 49]
1/3    453,600    [6, 8, 10, 21, 45]
1/3    455,400    [6, 11, 15, 20, 23]
1/3    475,200    [6, 8, 9, 20, 55]
1/3    485,100    [6, 10, 11, 21, 35]
1/3    485,760    [6, 11, 16, 20, 23]
1/3    491,400    [8, 9, 13, 15, 35]
1/3    498,960    [7, 10, 12, 22, 27]
1/3    498,960    [7, 11, 12, 20, 27]
1/3    520,128    [6, 8, 9, 28, 43]
1/3    526,176    [7, 8, 12, 27, 29]
1/3    527,040    [6, 8, 9, 20, 61]
1/3    527,040    [6, 9, 10, 16, 61]
1/3    533,520    [8, 9, 13, 15, 38]
1/3    538,560    [6, 11, 15, 17, 32]
1/3    561,000    [4, 11, 34, 375]
1/3    561,000    [4, 11, 51, 250]
1/3    561,600    [6, 8, 13, 20, 45]
1/3    561,600    [6, 10, 13, 16, 45]
1/3    564,480    [5, 14, 16, 21, 24]
1/3    582,120    [8, 9, 11, 21, 35]
1/3    589,680    [5, 7, 39, 432]
1/3    591,360    [6, 10, 11, 28, 32]
1/3    594,000    [6, 9, 11, 25, 40]
1/3    594,000    [8, 9, 11, 25, 30]
1/3    595,296    [6, 9, 13, 16, 53]
1/3    604,800    [7, 9, 12, 16, 50]
1/3    623,700    [6, 10, 11, 21, 45]
1/3    635,040    [5, 12, 18, 21, 28]
1/3    635,040    [5, 14, 18, 21, 24]
1/3    646,800    [6, 10, 11, 28, 35]
1/3    665,280    [7, 10, 11, 24, 36]
1/3    669,240    [6, 10, 11, 26, 39]
1/3    669,600    [6, 8, 10, 31, 45]
1/3    705,600    [6, 8, 10, 14, 105]
1/3    715,680    [6, 8, 10, 21, 71]
1/3    763,776    [6, 9, 13, 17, 64]
1/3    776,160    [5, 14, 21, 22, 24]
1/3    776,160    [6, 10, 11, 21, 56]
1/3    784,080    [6, 8, 9, 15, 121]
1/3    786,240    [7, 10, 13, 27, 32]
1/3    795,960    [6, 9, 11, 20, 67]
1/3    831,600    [7, 10, 11, 15, 72]
1/3    831,600    [7, 10, 11, 24, 45]
1/3    846,720    [5, 14, 16, 21, 36]
1/3    846,720    [5, 14, 18, 21, 32]
1/3    846,720    [5, 16, 18, 21, 28]
1/3    861,840    [5, 7, 38, 648]
1/3    876,960    [7, 8, 15, 29, 36]
1/3    887,040    [7, 10, 11, 32, 36]
1/3    887,328    [6, 8, 9, 26, 79]
1/3    898,560    [5, 13, 16, 24, 36]
1/3    902,880    [8, 9, 11, 15, 76]
1/3    904,176    [8, 9, 13, 14, 69]
1/3    907,200    [7, 8, 10, 36, 45]
1/3    942,480    [7, 10, 11, 34, 36]
1/3    952,560    [5, 12, 21, 27, 28]
1/3    973,440    [5, 12, 16, 26, 39]
1/3    997,920    [7, 9, 11, 24, 60]
1/3    997,920    [7, 9, 11, 30, 48]
1/3    997,920    [7, 10, 11, 24, 54]
1/3    1,034,880    [6, 8, 11, 28, 70]
1/3    1,054,080    [5, 12, 16, 18, 61]
1/3    1,058,400    [4, 14, 18, 30, 35]
1/3    1,081,080    [7, 10, 11, 26, 54]
1/3    1,128,960    [5, 12, 16, 21, 56]
1/3    1,135,680    [5, 14, 16, 26, 39]
1/3    1,149,120    [7, 8, 15, 18, 76]
1/3    1,149,876    [6, 7, 26, 27, 39]
1/3    1,169,280    [5, 12, 16, 29, 42]
1/3    1,219,680    [4, 14, 22, 30, 33]
1/3    1,234,800    [4, 14, 21, 30, 35]
1/3    1,235,520    [9, 10, 11, 13, 96]
1/3    1,264,032    [6, 8, 9, 22, 133]
1/3    1,283,040    [5, 11, 24, 27, 36]
1/3    1,315,440    [5, 16, 21, 27, 29]
1/3    1,315,440    [7, 8, 15, 29, 54]
1/3    1,330,560    [5, 11, 24, 28, 36]
1/3    1,330,560    [7, 8, 11, 36, 60]
1/3    1,330,560    [7, 9, 11, 40, 48]
1/3    1,330,992    [6, 8, 13, 27, 79]
1/3    1,347,840    [5, 13, 16, 24, 54]
1/3    1,359,072    [6, 8, 13, 22, 99]
1/3    1,360,800    [7, 8, 10, 45, 54]
1/3    1,372,140    [6, 7, 22, 33, 45]
1/3    1,375,920    [6, 8, 13, 35, 63]
1/3    1,383,480    [7, 8, 15, 27, 61]
1/3    1,391,040    [7, 8, 10, 36, 69]
1/3    1,422,720    [5, 12, 16, 26, 57]
1/3    1,426,920    [4, 11, 47, 690]
1/3    1,431,360    [7, 8, 10, 36, 71]
1/3    1,458,000    [4, 18, 25, 27, 30]
1/3    1,542,240    [7, 9, 10, 48, 51]
1/3    1,552,320    [5, 11, 24, 28, 42]
1/3    1,552,320    [5, 12, 21, 22, 56]
1/3    1,552,320    [6, 8, 11, 28, 105]
1/3    1,559,250    [7, 9, 10, 33, 75]
1/3    1,572,480    [5, 13, 16, 24, 63]
1/3    1,572,480    [5, 13, 27, 28, 32]
1/3    1,572,480    [5, 14, 16, 26, 54]
1/3    1,580,040    [7, 9, 11, 30, 76]
1/3    1,580,040    [8, 9, 11, 15, 133]
1/3    1,581,120    [5, 12, 16, 27, 61]
1/3    1,587,600    [4, 14, 18, 35, 45]
1/3    1,587,600    [4, 14, 21, 30, 45]
1/3    1,587,600    [4, 18, 21, 30, 35]
1/3    1,647,360    [9, 10, 11, 13, 128]
1/3    1,651,104    [4, 14, 21, 26, 54]
1/3    1,659,840    [5, 14, 16, 38, 39]
1/3    1,674,000    [6, 8, 9, 31, 125]
1/3    1,678,320    [5, 7, 37, 1296]
1/3    1,693,440    [5, 8, 28, 36, 42]
1/3    1,707,552    [4, 14, 18, 22, 77]
1/3    1,710,720    [5, 11, 27, 32, 36]
1/3    1,714,608    [4, 14, 18, 27, 63]
1/3    1,738,800    [7, 8, 10, 45, 69]
1/3    1,740,960    [5, 13, 27, 31, 32]
1/3    1,753,920    [5, 12, 16, 29, 63]
1/3    1,774,080    [5, 11, 28, 32, 36]
1/3    1,774,080    [7, 9, 11, 32, 80]
1/3    1,774,080    [7, 9, 11, 40, 64]
1/3    1,784,640    [6, 8, 11, 52, 65]
1/3    1,789,200    [7, 8, 10, 45, 71]
1/3    1,808,352    [4, 14, 18, 26, 69]
1/3    1,821,600    [6, 8, 10, 23, 165]
1/3    1,829,520    [4, 21, 22, 30, 33]
1/3    1,852,200    [4, 14, 21, 35, 45]
1/3    1,874,880    [5, 14, 16, 31, 54]
1/3    1,874,880    [7, 9, 10, 48, 62]
