1/2    2    [2]
1/2    12    [3, 4]
1/2    168    [3, 7, 8]
1/2    240    [3, 5, 16]
1/3    3    [3]
1/3    24    [4, 6]
1/3    30    [5, 6]
1/3    378    [6, 7, 9]
1/3    480    [5, 8, 12]
1/3    504    [7, 8, 9]
1/3    540    [5, 9, 12]
1/3    600    [4, 10, 15]
1/3    660    [5, 11, 12]
1/3    720    [5, 8, 18]
1/3    720    [5, 9, 16]
1/3    840    [4, 10, 21]
1/3    840    [4, 14, 15]
1/3    840    [5, 8, 21]
1/3    936    [4, 13, 18]
1/3    1,260    [5, 7, 36]
1/3    1,320    [4, 11, 30]
1/3    1,404    [4, 13, 27]
1/3    1,980    [4, 11, 45]
1/4    4    [4]
1/4    48    [6, 8]
1/4    56    [7, 8]
1/4    864    [8, 9, 12]
1/4    1,344    [6, 14, 16]
1/4    1,344    [7, 12, 16]
1/4    1,512    [8, 9, 21]
1/4    1,680    [7, 15, 16]
1/4    1,824    [6, 16, 19]
1/4    1,920    [6, 10, 32]
1/4    2,240    [7, 10, 32]
1/4    2,496    [6, 13, 32]
1/4    3,024    [7, 9, 48]
1/4    3,840    [5, 24, 32]
1/4    4,032    [7, 9, 64]
1/4    4,480    [5, 28, 32]
1/4    4,960    [5, 31, 32]
1/4    5,280    [6, 11, 80]
1/4    6,720    [5, 21, 64]
1/4    8,640    [5, 18, 96]
1/4    9,120    [5, 19, 96]
1/4    11,520    [5, 18, 128]
1/4    21,760    [5, 17, 256]