1/5    4,201,470    [7, 19, 81, 390]
1/3    4,207,896    [6, 7, 23, 44, 99]
1/5    4,208,880    [8, 13, 142, 285]
1/5    4,212,000    [13, 18, 24, 25, 30]
1/4    4,233,600    [6, 15, 21, 28, 80]
1/5    4,233,600    [10, 15, 24, 28, 42]
1/5    4,233,600    [12, 15, 21, 28, 40]
1/5    4,233,600    [14, 16, 21, 25, 36]
1/5    4,233,600    [14, 18, 21, 25, 32]
1/5    4,233,600    [16, 18, 21, 25, 28]
2/5    4,241,160    [4, 6, 9, 33, 595]
1/3    4,245,120    [5, 11, 16, 67, 72]
1/3    4,245,120    [5, 11, 18, 64, 67]
1/5    4,245,360    [6, 28, 95, 266]
1/5    4,245,360    [6, 35, 76, 266]
1/5    4,250,400    [6, 28, 115, 220]
1/5    4,250,400    [6, 35, 92, 220]
1/5    4,250,400    [7, 22, 46, 600]
1/5    4,250,400    [7, 23, 44, 600]
1/5    4,258,800    [7, 18, 104, 325]
1/5    4,258,800    [7, 20, 52, 585]
1/5    4,263,000    [10, 15, 28, 29, 35]
1/5    4,263,000    [14, 15, 20, 29, 35]
1/3    4,268,160    [5, 8, 38, 52, 54]
1/5    4,268,880    [6, 33, 49, 440]
1/5    4,271,280    [6, 26, 148, 185]
1/5    4,273,920    [7, 18, 106, 320]
1/5    4,280,640    [6, 35, 91, 224]
1/3    4,280,760    [4, 23, 30, 33, 47]
1/4    4,285,440    [5, 18, 192, 248]
1/5    4,286,100    [6, 35, 130, 157]
1/5    4,286,520    [12, 14, 21, 27, 45]
1/5    4,289,220    [6, 26, 117, 235]
1/3    4,291,056    [4, 18, 21, 22, 129]
1/3    4,294,080    [5, 8, 36, 42, 71]
1/3    4,294,080    [5, 9, 28, 48, 71]
1/4    4,294,080    [5, 21, 71, 576]
1/5    4,296,240    [8, 13, 153, 270]
1/3    4,309,200    [4, 10, 35, 54, 57]
1/3    4,309,200    [4, 15, 35, 38, 54]
2/5    4,309,200    [6, 7, 9, 15, 19, 40]
1/5    4,309,200    [7, 19, 80, 405]
1/5    4,309,200    [7, 19, 81, 400]
1/5    4,309,200    [7, 25, 38, 648]
1/5    4,321,800    [10, 15, 21, 28, 49]
1/3    4,324,320    [5, 13, 16, 33, 126]
1/3    4,324,320    [7, 8, 11, 54, 130]
1/4    4,324,320    [7, 11, 27, 2080]
1/5    4,326,210    [6, 35, 109, 189]
1/5    4,335,000    [6, 34, 50, 425]
1/3    4,347,000    [4, 10, 35, 45, 69]
1/5    4,352,400    [8, 13, 155, 270]
1/5    4,365,900    [9, 11, 84, 525]
1/5    4,365,900    [14, 15, 18, 33, 35]
1/5    4,368,000    [6, 28, 80, 325]
1/5    4,368,000    [16, 20, 21, 25, 26]
1/4    4,371,840    [5, 23, 54, 704]
1/3    4,374,000    [4, 10, 25, 54, 81]
1/3    4,380,480    [5, 8, 39, 52, 54]
1/5    4,382,040    [6, 26, 106, 265]
1/5    4,382,100    [6, 27, 50, 541]
1/4    4,386,816    [7, 9, 68, 1024]
1/5    4,388,580    [12, 15, 21, 27, 43]
1/4    4,389,120    [5, 18, 192, 254]
1/5    4,394,250    [6, 31, 105, 225]
1/5    4,394,250    [7, 18, 93, 375]
1/5    4,404,960    [7, 18, 115, 304]
1/5    4,405,590    [14, 15, 21, 27, 37]
1/5    4,406,400    [15, 17, 18, 24, 40]
1/2    4,408,320    [3, 5, 28, 41, 256]
1/5    4,408,560    [8, 13, 157, 270]
1/3    4,410,000    [4, 10, 25, 42, 105]
1/3    4,410,000    [4, 15, 25, 42, 70]
1/5    4,410,000    [12, 14, 25, 30, 35]
1/5    4,410,000    [15, 16, 21, 25, 35]
1/5    4,422,600    [8, 13, 135, 315]
1/5    4,422,600    [8, 13, 189, 225]
1/5    4,431,000    [6, 35, 100, 211]
1/5    4,435,200    [15, 16, 20, 22, 42]
1/3    4,440,480    [5, 11, 16, 58, 87]
1/3    4,445,280    [5, 8, 36, 49, 63]
1/5    4,445,280    [14, 15, 18, 24, 49]
1/4    4,457,376    [7, 9, 67, 1056]
2/5    4,461,600    [3, 11, 104, 1300]
1/5    4,464,000    [12, 16, 25, 30, 31]
1/5    4,464,000    [16, 18, 20, 25, 31]
1/5    4,464,720    [12, 15, 18, 26, 53]
1/3    4,469,256    [4, 19, 22, 33, 81]
1/3    4,473,000    [4, 10, 35, 45, 71]
1/5    4,475,340    [6, 46, 47, 345]
1/4    4,475,520    [5, 18, 222, 224]
1/3    4,490,640    [4, 21, 22, 27, 90]
1/3    4,490,640    [5, 11, 21, 27, 144]
1/5    4,490,640    [12, 14, 18, 27, 55]
1/5    4,492,800    [13, 16, 20, 24, 45]
1/5    4,492,800    [13, 16, 20, 30, 36]
1/5    4,492,800    [13, 16, 24, 25, 36]
1/5    4,492,800    [13, 18, 20, 30, 32]
1/5    4,492,800    [15, 16, 18, 26, 40]
1/3    4,499,352    [4, 23, 26, 33, 57]
1/5    4,515,000    [14, 15, 20, 25, 43]
1/4    4,515,840    [6, 20, 21, 28, 64]
1/5    4,515,840    [6, 21, 80, 448]
2/5    4,520,880    [5, 7, 9, 69, 208]
1/3    4,520,880    [5, 9, 28, 52, 69]
1/5    4,521,825    [9, 11, 87, 525]
1/4    4,523,520    [5, 19, 128, 372]
1/5    4,527,600    [6, 28, 77, 350]
1/5    4,529,280    [6, 28, 80, 337]
1/3    4,531,464    [4, 18, 21, 37, 81]
1/5    4,536,000    [10, 21, 24, 25, 36]
1/5    4,536,000    [14, 20, 24, 25, 27]
1/5    4,536,000    [15, 16, 18, 25, 42]
1/5    4,536,000    [15, 16, 21, 25, 36]
1/5    4,547,200    [14, 16, 20, 29, 35]
1/3    4,548,600    [4, 15, 35, 38, 57]
1/5    4,548,960    [13, 15, 24, 27, 36]
1/3    4,551,120    [4, 10, 42, 43, 63]
1/5    4,551,120    [12, 14, 18, 35, 43]
1/5    4,551,120    [12, 14, 21, 30, 43]
1/5    4,551,120    [14, 15, 21, 24, 43]
1/5    4,551,120    [14, 18, 20, 21, 43]
1/3    4,553,280    [5, 8, 36, 51, 62]
1/5    4,556,160    [7, 18, 113, 320]
1/5    4,557,000    [6, 28, 125, 217]
1/3    4,563,000    [4, 10, 39, 45, 65]
1/5    4,563,000    [12, 15, 25, 26, 39]
1/5    4,569,180    [7, 22, 46, 645]
1/5    4,569,180    [7, 23, 44, 645]
1/5    4,569,600    [7, 17, 160, 240]
1/5    4,569,600    [14, 17, 20, 30, 32]
1/5    4,569,600    [15, 17, 20, 28, 32]
1/4    4,572,288    [6, 16, 27, 28, 63]
1/5    4,573,800    [12, 15, 22, 33, 35]
1/3    4,577,760    [6, 8, 11, 34, 255]
1/5    4,578,210    [6, 39, 43, 455]
1/5    4,578,210    [6, 43, 65, 273]
1/5    4,586,400    [12, 15, 26, 28, 35]
1/5    4,586,400    [14, 15, 24, 26, 35]
1/5    4,592,640    [13, 16, 20, 24, 46]
1/5    4,594,590    [6, 21, 51, 715]
1/5    4,594,590    [7, 27, 34, 715]
1/4    4,596,480    [5, 19, 126, 384]
1/4    4,596,480    [5, 19, 128, 378]
2/5    4,596,480    [7, 9, 10, 12, 19, 32]
1/4    4,596,480    [7, 18, 30, 32, 38]
1/5    4,596,480    [14, 16, 18, 30, 38]
1/5    4,603,500    [9, 11, 125, 372]
1/5    4,604,040    [14, 15, 21, 29, 36]
1/4    4,614,720    [6, 11, 115, 608]
1/5    4,617,000    [12, 18, 19, 25, 45]
1/5    4,619,160    [8, 13, 189, 235]
2/5    4,623,360    [3, 28, 32, 40, 43]
1/5    4,623,360    [8, 12, 20, 28, 86]
1/5    4,630,500    [10, 14, 21, 35, 45]
1/4    4,632,960    [5, 19, 128, 381]
1/5    4,641,000    [8, 13, 175, 255]
1/5    4,645,350    [6, 31, 111, 225]
2/5    4,646,400    [3, 22, 32, 40, 55]
1/3    4,656,960    [5, 11, 16, 63, 84]
1/4    4,656,960    [9, 11, 21, 35, 64]
1/5    4,656,960    [12, 15, 22, 28, 42]
1/5    4,656,960    [14, 16, 21, 22, 45]
1/5    4,656,960    [16, 18, 21, 22, 35]
1/5    4,662,840    [8, 13, 183, 245]
1/5    4,665,600    [10, 15, 27, 32, 36]
1/5    4,677,120    [14, 16, 20, 29, 36]
1/3    4,678,560    [5, 8, 38, 54, 57]
1/5    4,680,270    [6, 21, 115, 323]
1/5    4,680,270    [6, 35, 69, 323]
1/5    4,680,270    [7, 18, 115, 323]
1/4    4,682,880    [5, 18, 192, 271]
1/3    4,684,680    [7, 8, 11, 65, 117]
1/5    4,685,100    [6, 35, 115, 194]
1/5    4,692,480    [6, 32, 52, 470]
1/5    4,695,600    [6, 35, 104, 215]
1/3    4,699,728    [4, 18, 22, 23, 129]
1/3    4,699,728    [4, 18, 23, 33, 86]
2/5    4,704,000    [3, 28, 32, 35, 50]
1/5    4,704,000    [8, 20, 28, 30, 35]
1/5    4,704,000    [10, 15, 16, 35, 56]
1/5    4,704,000    [14, 15, 16, 35, 40]
1/5    4,708,800    [6, 32, 45, 545]
1/5    4,715,100    [6, 26, 155, 195]
1/4    4,717,440    [9, 13, 15, 32, 84]
1/5    4,717,440    [13, 18, 20, 24, 42]
1/5    4,717,440    [13, 20, 21, 24, 36]
1/5    4,730,400    [12, 15, 18, 20, 73]
1/4    4,730,880    [11, 12, 14, 20, 128]
1/5    4,738,500    [10, 18, 25, 27, 39]
1/5    4,740,750    [10, 15, 21, 35, 43]
1/5    4,750,200    [8, 13, 175, 261]
2/5    4,762,800    [4, 10, 14, 15, 21, 27]
1/3    4,762,800    [4, 10, 18, 63, 105]
1/3    4,762,800    [4, 15, 18, 63, 70]
1/3    4,762,800    [6, 9, 14, 15, 20, 21]
1/5    4,762,800    [9, 21, 24, 30, 35]
1/5    4,762,800    [12, 21, 25, 27, 28]
1/5    4,775,940    [6, 26, 157, 195]
1/5    4,782,960    [7, 18, 104, 365]
1/5    4,782,960    [8, 13, 126, 365]
1/3    4,785,480    [6, 7, 20, 27, 211]
1/5    4,788,000    [12, 15, 20, 35, 38]
1/5    4,788,000    [12, 20, 21, 25, 38]
1/3    4,791,600    [4, 10, 22, 45, 121]
1/5    4,795,200    [10, 15, 24, 36, 37]
1/5    4,795,200    [15, 16, 20, 27, 37]
1/5    4,798,080    [16, 17, 21, 28, 30]
1/5    4,801,680    [12, 13, 18, 30, 57]
1/5    4,802,490    [6, 21, 77, 495]
1/5    4,804,380    [7, 18, 93, 410]
1/5    4,815,720    [8, 13, 147, 315]
1/5    4,815,720    [13, 18, 21, 28, 35]
1/5    4,821,600    [6, 41, 56, 350]
1/3    4,823,280    [7, 9, 11, 29, 240]
1/5    4,823,280    [15, 21, 22, 24, 29]
1/5    4,826,640    [6, 35, 104, 221]
1/5    4,826,640    [6, 35, 136, 169]
1/5    4,836,000    [8, 13, 125, 372]
1/5    4,838,400    [10, 15, 28, 32, 36]
1/5    4,838,400    [14, 15, 20, 32, 36]
1/5    4,847,850    [6, 21, 95, 405]
1/5    4,847,850    [6, 35, 57, 405]
1/5    4,847,850    [7, 18, 95, 405]
1/4    4,854,528    [6, 21, 28, 32, 43]
1/5    4,857,600    [12, 16, 20, 23, 55]
1/5    4,857,600    [15, 16, 20, 22, 46]
1/5    4,857,600    [15, 16, 20, 23, 44]
1/4    4,867,200    [6, 15, 26, 32, 65]
1/5    4,867,200    [12, 16, 25, 26, 39]
1/3    4,868,640    [5, 8, 28, 63, 69]
1/5    4,869,480    [6, 28, 155, 187]
1/5    4,869,480    [6, 35, 124, 187]
1/5    4,872,000    [14, 20, 24, 25, 29]
1/5    4,872,000    [16, 20, 21, 25, 29]
1/3    4,876,200    [6, 7, 20, 43, 135]
1/5    4,892,160    [13, 16, 20, 28, 42]
1/5    4,895,100    [6, 37, 70, 315]
1/3    4,900,500    [4, 25, 27, 33, 55]
1/3    4,914,000    [7, 8, 10, 25, 351]
1/3    4,918,320    [4, 22, 23, 27, 90]
1/3    4,918,320    [5, 11, 23, 27, 144]
1/5    4,924,800    [15, 16, 18, 20, 57]
1/5    4,924,800    [15, 18, 19, 20, 48]
1/5    4,924,800    [16, 18, 19, 20, 45]
1/5    4,924,920    [8, 13, 165, 287]
1/5    4,935,840    [7, 20, 52, 678]
1/5    4,939,200    [6, 21, 80, 490]
1/5    4,939,200    [10, 21, 24, 28, 35]
1/5    4,939,200    [12, 15, 20, 28, 49]
1/5    4,939,200    [14, 15, 20, 24, 49]
1/3    4,939,704    [4, 21, 22, 27, 99]
1/3    4,942,080    [5, 11, 16, 52, 108]
1/3    4,942,080    [5, 11, 16, 54, 104]
1/3    4,942,080    [8, 10, 12, 13, 18, 22]
1/4    4,942,080    [10, 11, 18, 39, 64]
1/5    4,950,000    [9, 11, 125, 400]
1/5    4,958,800    [14, 20, 22, 23, 35]
1/3    4,959,360    [5, 9, 32, 41, 84]
1/3    4,959,360    [7, 9, 10, 41, 192]
1/5    4,965,840    [12, 18, 19, 22, 55]
1/5    4,968,600    [6, 28, 91, 325]
1/5    4,968,600    [6, 35, 91, 260]
2/5    4,972,800    [3, 32, 35, 37, 40]
1/5    4,980,360    [6, 44, 49, 385]
1/5    4,980,360    [6, 49, 55, 308]
1/5    4,985,280    [6, 32, 45, 577]
1/3    4,989,600    [7, 8, 11, 50, 162]
1/5    4,989,600    [7, 18, 66, 600]
1/5    4,989,600    [9, 11, 84, 600]
1/3    4,989,600    [10, 11, 12, 14, 15, 18]
1/5    4,989,600    [12, 20, 21, 22, 45]
2/5    4,992,000    [3, 25, 32, 40, 52]
1/5    4,992,000    [6, 26, 100, 320]
1/3    4,992,624    [4, 14, 26, 27, 127]
1/5    4,993,800    [6, 41, 58, 350]
1/3    4,998,672    [4, 19, 27, 42, 58]
2/5    4,999,680    [5, 7, 9, 124, 128]
1/3    4,999,680    [5, 9, 31, 56, 64]
1/3    5,009,760    [5, 8, 28, 63, 71]
1/5    5,012,280    [8, 13, 153, 315]
1/5    5,022,000    [12, 20, 25, 27, 31]
1/5    5,026,560    [6, 35, 88, 272]
1/5    5,027,400    [14, 15, 18, 35, 38]
1/5    5,027,400    [15, 18, 19, 28, 35]
1/4    5,031,936    [7, 18, 24, 26, 64]
1/4    5,031,936    [9, 12, 13, 56, 64]
1/5    5,034,960    [12, 14, 18, 37, 45]
1/4    5,040,000    [6, 15, 32, 35, 50]
1/5    5,040,000    [12, 14, 25, 30, 40]
1/5    5,054,400    [13, 18, 20, 24, 45]
2/5    5,056,800    [3, 28, 35, 40, 43]
1/5    5,063,310    [6, 21, 95, 423]
1/5    5,063,310    [7, 18, 95, 423]
1/3    5,064,048    [4, 18, 22, 23, 139]
1/5    5,068,800    [9, 11, 128, 400]
1/5    5,068,800    [10, 15, 22, 32, 48]
1/5    5,068,800    [12, 15, 22, 32, 40]
1/5    5,070,000    [6, 26, 100, 325]
1/5    5,077,800    [8, 13, 155, 315]
2/5    5,080,320    [5, 9, 12, 16, 21, 28]
2/5    5,080,320    [5, 9, 14, 16, 21, 24]
1/3    5,080,320    [9, 10, 12, 14, 16, 21]
1/5    5,080,320    [10, 21, 24, 28, 36]
1/5    5,080,320    [15, 16, 18, 21, 56]
2/5    5,082,000    [3, 22, 35, 40, 55]
1/3    5,082,000    [4, 15, 22, 50, 77]
1/5    5,082,000    [6, 35, 121, 200]
1/3    5,088,960    [5, 8, 36, 38, 93]
1/5    5,091,840    [12, 17, 26, 30, 32]
1/5    5,091,840    [13, 16, 20, 24, 51]
1/3    5,100,480    [5, 11, 23, 28, 144]
1/3    5,100,480    [5, 14, 16, 23, 198]
2/5    5,100,480    [6, 7, 15, 16, 22, 23]
1/3    5,110,560    [5, 8, 36, 39, 91]
1/3    5,110,560    [5, 8, 39, 52, 63]
1/5    5,110,560    [12, 14, 18, 26, 65]
1/5    5,114,880    [10, 16, 24, 36, 37]
1/5    5,115,600    [10, 15, 28, 29, 42]
1/5    5,115,600    [12, 14, 29, 30, 35]
1/5    5,115,600    [12, 15, 28, 29, 35]
1/5    5,115,600    [14, 15, 24, 29, 35]
1/5    5,115,600    [14, 18, 20, 29, 35]
1/5    5,116,800    [6, 26, 160, 205]
2/5    5,120,640    [5, 7, 9, 127, 128]
1/3    5,130,216    [4, 21, 29, 39, 54]
1/5    5,132,400    [8, 13, 141, 350]
1/5    5,140,800    [7, 17, 180, 240]
1/5    5,140,800    [12, 17, 21, 30, 40]
1/5    5,140,800    [15, 17, 21, 24, 40]
1/5    5,143,320    [8, 13, 157, 315]
1/5    5,148,000    [8, 13, 110, 450]
1/5    5,148,000    [9, 11, 130, 400]
1/3    5,155,920    [4, 14, 18, 33, 155]
1/3    5,155,920    [4, 18, 21, 22, 155]
1/3    5,155,920    [7, 8, 11, 54, 155]
1/3    5,159,700    [4, 21, 27, 35, 65]
1/5    5,159,700    [13, 14, 21, 30, 45]
1/5    5,159,700    [13, 18, 21, 30, 35]
1/5    5,159,700    [14, 15, 18, 21, 65]
1/4    5,160,960    [5, 18, 224, 256]
1/4    5,166,720    [5, 18, 138, 416]
1/5    5,171,040    [7, 19, 72, 540]
1/5    5,171,040    [7, 24, 38, 810]
1/5    5,174,400    [6, 44, 49, 400]
1/5    5,181,540    [6, 26, 91, 365]
1/3    5,201,280    [5, 8, 28, 43, 108]
1/4    5,201,280    [7, 18, 30, 32, 43]
1/5    5,201,280    [12, 14, 18, 40, 43]
1/5    5,201,280    [16, 18, 20, 21, 43]
1/3    5,216,640    [5, 11, 16, 76, 78]
1/5    5,216,640    [6, 26, 160, 209]
1/5    5,222,400    [6, 34, 50, 512]
1/4    5,222,880    [9, 13, 15, 32, 93]
1/4    5,227,200    [6, 15, 22, 33, 80]
1/5    5,227,200    [10, 15, 24, 33, 44]
1/5    5,237,400    [7, 20, 58, 645]
1/4    5,237,760    [5, 31, 33, 1024]
1/3    5,239,080    [4, 14, 21, 33, 135]
1/3    5,239,080    [9, 11, 12, 14, 15, 21]
1/5    5,241,600    [13, 16, 20, 30, 42]
1/5    5,241,600    [13, 20, 21, 30, 32]
1/5    5,244,720    [8, 13, 123, 410]
1/5    5,247,840    [6, 26, 145, 232]
1/3    5,250,960    [5, 11, 18, 39, 136]
1/5    5,253,120    [10, 18, 24, 32, 38]
1/3    5,261,760    [5, 8, 42, 54, 58]
1/5    5,261,760    [14, 15, 24, 29, 36]
1/5    5,261,760    [16, 20, 21, 27, 29]
1/5    5,266,800    [9, 11, 133, 400]
2/5    5,268,480    [3, 16, 40, 49, 56]
1/5    5,268,480    [10, 16, 24, 28, 49]
1/5    5,270,400    [12, 16, 18, 25, 61]
1/5    5,282,550    [6, 43, 65, 315]
1/5    5,291,520    [6, 26, 106, 320]
1/5    5,291,520    [6, 40, 53, 416]
1/5    5,291,520    [13, 16, 20, 24, 53]
1/5    5,292,000    [10, 15, 18, 35, 56]
1/5    5,292,000    [10, 21, 25, 28, 36]
1/5    5,292,000    [12, 14, 20, 35, 45]
1/5    5,292,000    [12, 15, 20, 21, 70]
1/5    5,292,000    [12, 15, 21, 25, 56]
1/5    5,304,000    [8, 13, 68, 750]
1/5    5,304,000    [8, 13, 102, 500]
1/5    5,304,600    [7, 18, 100, 421]
1/5    5,306,700    [6, 35, 95, 266]
1/5    5,307,120    [7, 20, 52, 729]
1/5    5,310,240    [6, 26, 184, 185]
1/3    5,313,360    [4, 10, 26, 39, 131]
1/5    5,315,520    [6, 35, 113, 224]
1/4    5,322,240    [9, 11, 21, 32, 80]
1/4    5,322,240    [9, 11, 21, 40, 64]
1/4    5,322,240    [9, 11, 28, 32, 60]
1/5    5,323,500    [6, 26, 75, 455]
1/5    5,331,200    [14, 16, 17, 35, 40]
1/5    5,331,200    [14, 17, 20, 32, 35]
1/5    5,335,200    [12, 18, 19, 20, 65]
1/5    5,336,100    [10, 21, 22, 33, 35]
1/5    5,344,920    [6, 28, 63, 505]
1/5    5,350,800    [14, 15, 20, 26, 49]
1/3    5,353,920    [5, 8, 33, 52, 78]
1/3    5,353,920    [5, 11, 16, 52, 117]
1/5    5,356,800    [15, 16, 18, 20, 62]
2/5    5,359,200    [4, 6, 11, 58, 350]
1/5    5,362,560    [6, 21, 80, 532]
1/5    5,362,560    [16, 18, 19, 28, 35]
1/3    5,363,820    [5, 9, 21, 44, 129]
1/3    5,372,400    [4, 10, 22, 55, 111]
1/5    5,386,500    [7, 19, 75, 540]
1/5    5,394,600    [10, 15, 27, 36, 37]
1/5    5,397,840    [12, 14, 18, 21, 85]
1/3    5,405,400    [7, 8, 11, 65, 135]
1/5    5,409,600    [12, 14, 20, 35, 46]
1/5    5,410,080    [8, 13, 68, 765]
1/3    5,410,152    [4, 22, 23, 27, 99]
1/5    5,418,000    [12, 15, 20, 35, 43]
1/5    5,418,000    [12, 20, 21, 25, 43]
1/3    5,433,120    [5, 8, 28, 49, 99]
1/4    5,443,200    [9, 10, 15, 21, 192]
1/5    5,443,200    [10, 15, 18, 42, 48]
1/5    5,443,200    [10, 15, 21, 36, 48]
1/5    5,443,200    [10, 18, 24, 28, 45]
1/5    5,443,200    [14, 15, 20, 24, 54]
1/3    5,445,000    [4, 10, 25, 55, 99]
1/3    5,445,000    [4, 10, 33, 55, 75]
1/3    5,445,000    [4, 15, 25, 55, 66]
1/3    5,445,000    [4, 15, 33, 50, 55]
1/5    5,445,000    [12, 15, 22, 25, 55]
1/3    5,456,880    [6, 8, 11, 53, 195]
2/5    5,458,320    [5, 7, 9, 57, 304]
1/3    5,458,320    [5, 8, 38, 57, 63]
1/5    5,458,320    [7, 18, 95, 456]
1/3    5,459,520    [5, 8, 33, 44, 94]
1/3    5,462,100    [7, 9, 10, 34, 255]
1/5    5,472,000    [16, 18, 19, 25, 40]
1/3    5,475,600    [4, 10, 18, 65, 117]
1/3    5,475,600    [4, 15, 18, 65, 78]
1/5    5,476,380    [7, 26, 34, 885]
1/5    5,483,520    [7, 17, 192, 240]
1/5    5,483,520    [14, 16, 17, 24, 60]
1/3    5,488,560    [4, 10, 22, 63, 99]
1/5    5,488,560    [7, 18, 88, 495]
1/5    5,490,000    [12, 15, 20, 25, 61]
1/3    5,490,720    [4, 10, 18, 82, 93]
1/3    5,490,720    [5, 9, 32, 41, 93]
2/5    5,491,200    [3, 26, 32, 40, 55]
1/4    5,491,200    [11, 13, 15, 20, 128]
1/5    5,494,230    [6, 35, 57, 459]
1/4    5,495,040    [5, 18, 159, 384]
1/4    5,503,680    [5, 18, 224, 273]
1/5    5,503,680    [12, 13, 28, 30, 42]
1/5    5,503,680    [13, 14, 24, 35, 36]
1/5    5,503,680    [13, 18, 20, 28, 42]
1/5    5,503,680    [13, 20, 21, 28, 36]
1/5    5,508,000    [10, 18, 24, 25, 51]
1/5    5,510,400    [6, 41, 56, 400]
1/5    5,515,650    [6, 35, 103, 255]
1/4    5,515,776    [7, 19, 24, 32, 54]
1/4    5,515,776    [7, 19, 27, 32, 48]
1/5    5,516,160    [6, 34, 65, 416]
2/5    5,517,600    [3, 22, 38, 40, 55]
1/4    5,531,904    [6, 16, 21, 49, 56]
1/5    5,538,750    [6, 35, 125, 211]
1/5    5,540,400    [12, 19, 20, 27, 45]
2/5    5,543,640    [4, 6, 9, 59, 435]
1/5    5,554,080    [8, 19, 29, 1260]
1/5    5,554,080    [18, 19, 20, 28, 29]
1/3    5,556,600    [4, 10, 45, 49, 63]
1/5    5,556,600    [9, 21, 28, 30, 35]
1/5    5,556,600    [10, 21, 27, 28, 35]
1/5    5,559,840    [8, 13, 110, 486]
2/5    5,568,000    [3, 25, 32, 40, 58]
1/3    5,571,720    [7, 8, 11, 67, 135]
1/5    5,574,240    [6, 21, 80, 553]
1/4    5,575,680    [6, 20, 22, 33, 64]
1/5    5,575,680    [10, 16, 24, 33, 44]
1/5    5,578,650    [14, 15, 21, 23, 55]
1/5    5,578,650    [15, 21, 22, 23, 35]
1/5    5,580,000    [12, 15, 20, 31, 50]
1/5    5,580,000    [12, 15, 25, 31, 40]
1/5    5,580,120    [6, 28, 91, 365]
1/5    5,580,120    [6, 35, 91, 292]
1/5    5,580,120    [8, 13, 147, 365]
1/5    5,581,440    [16, 17, 18, 30, 38]
1/5    5,581,440    [16, 17, 19, 24, 45]
1/5    5,586,000    [10, 21, 25, 28, 38]
1/3    5,588,352    [8, 9, 12, 14, 21, 22]
1/4    5,612,544    [7, 18, 24, 29, 64]
2/5    5,613,300    [4, 7, 27, 33, 225]
1/4    5,614,272    [6, 16, 27, 38, 57]
1/5    5,616,000    [13, 18, 24, 25, 40]
1/5    5,627,700    [6, 26, 75, 481]
1/3    5,631,600    [4, 10, 38, 39, 95]
1/5    5,634,720    [12, 20, 21, 26, 43]
1/3    5,635,980    [4, 21, 27, 35, 71]
1/5    5,644,800    [8, 12, 20, 28, 105]
1/5    5,644,800    [8, 12, 20, 42, 70]
1/5    5,644,800    [8, 12, 28, 30, 70]
1/5    5,644,800    [10, 15, 24, 32, 49]
1/5    5,644,800    [10, 16, 28, 35, 36]
1/5    5,644,800    [12, 15, 16, 40, 49]
1/5    5,644,800    [12, 15, 20, 32, 49]
1/5    5,644,800    [12, 16, 21, 25, 56]
1/3    5,656,392    [4, 21, 27, 43, 58]
1/5    5,659,500    [6, 49, 55, 350]
1/5    5,659,500    [11, 21, 25, 28, 35]
1/5    5,661,600    [6, 35, 80, 337]
1/5    5,663,700    [7, 29, 31, 900]
1/5    5,678,400    [14, 16, 25, 26, 39]
1/5    5,684,000    [14, 16, 25, 29, 35]
1/5    5,686,200    [12, 13, 27, 30, 45]
1/5    5,688,540    [6, 34, 39, 715]
1/5    5,688,900    [12, 15, 21, 35, 43]
1/5    5,688,900    [14, 15, 18, 35, 43]
1/5    5,691,840    [6, 49, 55, 352]
1/3    5,692,500    [4, 23, 25, 45, 55]
1/5    5,700,240    [15, 18, 26, 28, 29]
1/3    5,702,400    [9, 11, 12, 15, 16, 20]
1/4    5,702,400    [9, 11, 15, 48, 80]
1/5    5,702,400    [10, 15, 22, 36, 48]
1/5    5,707,680    [6, 46, 47, 440]
1/5    5,712,000    [7, 17, 200, 240]
1/5    5,712,000    [14, 16, 25, 30, 34]
1/5    5,712,000    [15, 16, 17, 35, 40]
1/5    5,712,000    [15, 17, 25, 28, 32]
1/4    5,713,920    [5, 18, 248, 256]
1/3    5,725,440    [5, 9, 28, 64, 71]
1/5    5,733,000    [13, 15, 20, 35, 42]
1/5    5,740,800    [13, 16, 20, 30, 46]
1/3    5,744,640    [5, 11, 17, 48, 128]
1/5    5,745,600    [15, 18, 19, 28, 40]
1/5    5,756,400    [9, 13, 41, 1200]
1/4    5,760,000    [6, 15, 25, 32, 80]
2/5    5,762,400    [3, 20, 28, 49, 70]
2/5    5,762,400    [3, 20, 35, 49, 56]
1/3    5,762,988    [4, 21, 27, 33, 77]
1/5    5,764,500    [7, 20, 61, 675]
1/5    5,775,000    [11, 15, 20, 35, 50]
1/5    5,775,000    [11, 15, 25, 35, 40]
1/5    5,779,200    [8, 20, 28, 30, 43]
1/5    5,779,200    [10, 16, 24, 35, 43]
1/3    5,779,800    [4, 15, 26, 39, 95]
1/3    5,779,800    [4, 15, 26, 57, 65]
1/3    5,791,500    [4, 25, 27, 39, 55]
1/5    5,806,080    [9, 21, 24, 32, 40]
2/5    5,808,000    [3, 22, 32, 50, 55]
2/5    5,808,000    [3, 25, 32, 44, 55]
1/5    5,808,000    [12, 16, 22, 25, 55]
1/5    5,821,200    [9, 11, 84, 700]
1/3    5,821,200    [10, 11, 12, 14, 15, 21]
1/3    5,837,040    [4, 10, 22, 67, 99]
1/5    5,840,640    [8, 20, 26, 36, 39]
1/5    5,840,640    [12, 15, 16, 39, 52]
1/5    5,846,400    [12, 14, 29, 30, 40]
1/5    5,846,400    [12, 15, 28, 29, 40]
1/5    5,846,400    [12, 16, 25, 29, 42]
1/5    5,850,000    [8, 13, 125, 450]
1/3    5,851,440    [4, 10, 43, 54, 63]
1/5    5,851,440    [9, 21, 24, 30, 43]
1/4    5,852,160    [5, 18, 254, 256]
2/5    5,856,000    [3, 20, 32, 50, 61]
2/5    5,856,000    [3, 25, 32, 40, 61]
1/5    5,856,000    [10, 16, 24, 25, 61]
1/5    5,866,560    [7, 18, 97, 480]
1/5    5,875,200    [12, 16, 17, 40, 45]
1/5    5,875,200    [12, 17, 20, 32, 45]
1/5    5,875,200    [15, 16, 17, 36, 40]
1/5    5,875,200    [15, 17, 18, 32, 40]
2/5    5,880,000    [3, 20, 25, 56, 70]
2/5    5,880,000    [3, 25, 28, 35, 80]
1/5    5,880,000    [12, 14, 25, 35, 40]
1/5    5,883,360    [6, 28, 103, 340]
1/3    5,892,480    [5, 11, 16, 62, 108]
1/5    5,896,800    [14, 15, 18, 24, 65]
1/5    5,899,500    [15, 18, 19, 25, 46]
1/5    5,904,000    [12, 15, 25, 32, 41]
1/4    5,909,760    [5, 19, 108, 576]
1/5    5,913,600    [12, 14, 16, 40, 55]
1/3    5,916,456    [4, 14, 27, 43, 91]
1/5    5,920,200    [13, 20, 23, 30, 33]
1/3    5,920,992    [6, 7, 16, 89, 99]
1/5    5,925,150    [15, 19, 22, 27, 35]
1/5    5,927,040    [12, 15, 16, 42, 49]
1/5    5,940,480    [13, 16, 24, 34, 35]
1/5    5,940,900    [6, 21, 82, 575]
1/4    5,943,168    [7, 9, 67, 1408]
1/5    5,950,560    [12, 22, 23, 28, 35]
1/5    5,952,000    [6, 31, 160, 200]
1/3    5,953,500    [4, 21, 25, 35, 81]
1/3    5,953,500    [6, 9, 10, 15, 21, 35]
1/5    5,953,500    [10, 18, 21, 35, 45]
1/5    5,956,500    [6, 38, 55, 475]
1/3    5,967,000    [4, 10, 39, 45, 85]
1/3    5,967,120    [5, 8, 46, 47, 69]
1/4    5,967,360    [5, 28, 37, 1152]
1/5    5,968,200    [10, 21, 28, 29, 35]
1/5    5,968,200    [14, 15, 20, 29, 49]
1/3    5,976,180    [4, 27, 31, 35, 51]
1/5    5,985,000    [14, 19, 20, 25, 45]
1/3    5,987,520    [5, 11, 16, 54, 126]
1/3    5,987,520    [5, 11, 16, 63, 108]
1/3    5,987,520    [5, 11, 21, 27, 192]
1/4    5,987,520    [7, 16, 33, 36, 45]
1/5    5,987,520    [14, 16, 18, 27, 55]
1/5    5,990,400    [12, 13, 30, 32, 40]
1/5    5,990,400    [13, 15, 20, 32, 48]
1/5    5,990,400    [13, 15, 24, 32, 40]
1/3    5,994,000    [4, 10, 25, 54, 111]
1/3    5,994,000    [4, 15, 25, 54, 74]
1/5    5,994,000    [15, 16, 25, 27, 37]
1/5    5,997,600    [16, 17, 21, 30, 35]
2/5    6,002,880    [3, 26, 32, 37, 65]
1/3    6,011,280    [5, 9, 23, 66, 88]
1/3    6,015,240    [4, 14, 21, 33, 155]
1/3    6,032,880    [4, 15, 18, 42, 133]
1/5    6,032,880    [12, 19, 27, 28, 35]
1/5    6,032,880    [14, 15, 18, 21, 76]
2/5    6,048,000    [6, 7, 9, 16, 25, 40]
1/3    6,048,000    [8, 9, 12, 14, 20, 25]
1/3    6,068,160    [5, 8, 28, 43, 126]
1/5    6,068,160    [12, 14, 21, 40, 43]
1/5    6,068,160    [14, 16, 18, 35, 43]
2/5    6,072,000    [3, 22, 40, 46, 50]
1/5    6,074,880    [8, 12, 20, 28, 113]
1/4    6,082,560    [9, 10, 22, 48, 64]
1/4    6,082,560    [9, 11, 20, 48, 64]
1/5    6,084,000    [10, 15, 24, 26, 65]
1/5    6,084,000    [12, 15, 20, 26, 65]
1/3    6,085,800    [4, 10, 35, 63, 69]
1/3    6,103,680    [5, 11, 16, 51, 136]
1/5    6,104,280    [6, 43, 52, 455]
1/5    6,104,280    [6, 43, 65, 364]
1/3    6,105,000    [4, 10, 25, 55, 111]
1/3    6,105,000    [4, 15, 25, 55, 74]
2/5    6,115,200    [3, 20, 35, 52, 56]
1/5    6,115,200    [13, 20, 21, 32, 35]
1/3    6,123,600    [4, 10, 18, 63, 135]
1/5    6,123,600    [10, 15, 24, 27, 63]
1/4    6,128,640    [5, 19, 112, 576]
1/5    6,130,800    [8, 13, 131, 450]
1/5    6,138,000    [9, 11, 124, 500]
1/5    6,138,000    [9, 11, 125, 496]
1/5    6,142,500    [10, 15, 18, 25, 91]
1/5    6,156,000    [12, 19, 20, 25, 54]
1/5    6,156,000    [15, 16, 18, 25, 57]
1/5    6,156,000    [16, 18, 19, 25, 45]
1/5    6,168,960    [7, 17, 144, 360]
1/5    6,168,960    [7, 17, 180, 288]
1/5    6,168,960    [7, 17, 216, 240]
1/5    6,168,960    [14, 15, 18, 24, 68]
1/5    6,191,640    [8, 13, 135, 441]
1/5    6,191,640    [13, 14, 21, 36, 45]
1/5    6,199,200    [12, 14, 18, 41, 50]
1/4    6,205,248    [7, 16, 27, 36, 57]
1/5    6,207,300    [15, 18, 19, 22, 55]
1/3    6,209,280    [10, 11, 12, 14, 16, 21]
1/5    6,210,750    [6, 35, 91, 325]
2/5    6,216,000    [3, 32, 35, 37, 50]
1/5    6,224,400    [7, 24, 38, 975]
1/3    6,227,280    [4, 15, 18, 62, 93]
2/5    6,236,160    [3, 20, 32, 56, 58]
2/5    6,236,160    [3, 28, 29, 32, 80]
2/5    6,236,160    [3, 28, 29, 40, 64]
1/5    6,236,160    [10, 16, 24, 29, 56]
1/5    6,236,160    [10, 24, 28, 29, 32]
1/5    6,236,160    [12, 14, 29, 32, 40]
2/5    6,237,000    [4, 6, 11, 105, 225]
2/5    6,237,000    [4, 9, 11, 105, 150]
1/4    6,238,080    [5, 18, 114, 608]
1/5    6,240,000    [6, 32, 52, 625]
1/5    6,240,360    [6, 28, 115, 323]
1/5    6,240,360    [6, 35, 92, 323]
1/4    6,243,840    [5, 18, 256, 271]
1/3    6,248,088    [4, 14, 23, 49, 99]
1/5    6,248,340    [19, 20, 21, 27, 29]
1/4    6,255,360    [5, 18, 181, 384]
1/3    6,256,320    [5, 8, 28, 38, 147]
1/5    6,258,720    [8, 13, 68, 885]
1/5    6,261,750    [10, 15, 23, 33, 55]
1/3    6,262,200    [4, 10, 35, 63, 71]
1/3    6,262,200    [4, 15, 35, 42, 71]
2/5    6,272,640    [5, 9, 12, 16, 22, 33]
1/4    6,272,640    [6, 16, 27, 44, 55]
1/5    6,272,640    [10, 18, 24, 33, 44]
1/5    6,277,500    [10, 18, 25, 31, 45]
1/5    6,283,200    [7, 17, 220, 240]
1/5    6,283,680    [6, 40, 53, 494]
1/5    6,284,250    [10, 15, 19, 35, 63]
1/3    6,284,520    [4, 15, 33, 46, 69]
1/5    6,289,920    [13, 14, 24, 36, 40]
1/5    6,289,920    [13, 16, 20, 36, 42]
1/5    6,289,920    [13, 16, 27, 28, 40]
1/5    6,289,920    [13, 20, 27, 28, 32]
1/5    6,307,200    [15, 16, 18, 20, 73]
1/3    6,318,000    [4, 10, 18, 65, 135]
1/3    6,318,000    [4, 10, 25, 78, 81]
1/5    6,318,000    [9, 24, 25, 30, 39]
1/5    6,318,000    [10, 24, 25, 27, 39]
1/3    6,320,160    [4, 10, 18, 77, 114]
1/5    6,320,160    [12, 18, 19, 20, 77]
1/5    6,321,000    [10, 21, 25, 28, 43]
1/5    6,324,000    [15, 16, 25, 31, 34]
1/5    6,324,000    [15, 17, 25, 31, 32]
1/5    6,333,600    [6, 26, 145, 280]
1/5    6,336,000    [11, 16, 24, 30, 50]
1/5    6,336,000    [11, 24, 25, 30, 32]
1/5    6,336,000    [12, 15, 22, 32, 50]
1/5    6,337,500    [6, 26, 125, 325]
1/5    6,349,200    [8, 13, 110, 555]
1/4    6,350,400    [6, 16, 21, 45, 70]
1/3    6,350,400    [8, 9, 14, 15, 20, 21]
1/4    6,350,400    [9, 10, 15, 21, 224]
1/5    6,350,400    [9, 21, 24, 35, 40]
1/5    6,350,400    [9, 21, 28, 30, 40]
1/5    6,350,400    [9, 24, 28, 30, 35]
1/5    6,350,400    [10, 15, 18, 42, 56]
1/5    6,350,400    [10, 15, 21, 28, 72]
1/5    6,350,400    [10, 15, 21, 36, 56]
1/5    6,350,400    [10, 15, 24, 28, 63]
1/5    6,350,400    [10, 18, 21, 35, 48]
1/5    6,350,400    [10, 21, 24, 28, 45]
1/5    6,350,400    [10, 24, 27, 28, 35]
1/5    6,350,400    [12, 14, 18, 20, 105]
1/5    6,350,400    [12, 14, 20, 21, 90]
1/4    6,357,120    [6, 11, 86, 1120]
1/5    6,363,000    [7, 18, 101, 500]
1/5    6,364,800    [13, 16, 20, 30, 51]
1/3    6,367,680    [5, 11, 16, 67, 108]
1/5    6,368,040    [6, 21, 76, 665]
1/5    6,368,040    [6, 21, 95, 532]
1/5    6,368,040    [6, 28, 57, 665]
1/5    6,368,040    [6, 28, 95, 399]
1/5    6,368,040    [6, 35, 57, 532]
1/5    6,368,040    [6, 35, 76, 399]
1/5    6,372,450    [6, 35, 85, 357]
1/3    6,375,600    [4, 14, 23, 30, 165]
1/3    6,375,600    [4, 14, 23, 55, 90]
1/3    6,375,600    [4, 21, 23, 30, 110]
1/5    6,377,280    [6, 26, 112, 365]
1/5    6,384,000    [14, 16, 20, 25, 57]
1/3    6,388,200    [4, 10, 39, 45, 91]
1/3    6,388,200    [4, 10, 39, 63, 65]
1/5    6,393,600    [8, 20, 30, 36, 37]
1/5    6,393,600    [10, 15, 32, 36, 37]
1/5    6,393,600    [10, 16, 24, 37, 45]
1/5    6,397,440    [12, 16, 17, 28, 70]
1/5    6,402,240    [13, 15, 24, 36, 38]
1/3    6,403,320    [4, 15, 33, 42, 77]
1/5    6,403,320    [6, 28, 77, 495]
1/5    6,411,300    [6, 35, 86, 355]
1/4    6,412,032    [6, 23, 32, 33, 44]
1/5    6,415,200    [11, 24, 25, 27, 36]
1/5    6,420,960    [12, 15, 26, 28, 49]
1/5    6,420,960    [14, 15, 24, 26, 49]
1/3    6,421,140    [4, 23, 33, 45, 47]
1/5    6,426,000    [7, 17, 225, 240]
1/3    6,431,040    [7, 9, 11, 29, 320]
1/5    6,433,020    [6, 38, 55, 513]
1/3    6,441,120    [5, 8, 42, 54, 71]
1/4    6,451,200    [6, 15, 20, 56, 64]
1/4    6,451,200    [7, 12, 30, 32, 80]
1/4    6,451,200    [7, 12, 30, 40, 64]
1/4    6,451,200    [7, 15, 20, 48, 64]
1/4    6,451,200    [7, 15, 24, 32, 80]
1/4    6,451,200    [7, 15, 24, 40, 64]
1/5    6,454,560    [6, 35, 113, 272]
1/3    6,462,720    [5, 11, 17, 54, 128]
1/5    6,463,800    [7, 19, 75, 648]
2/5    6,468,000    [3, 22, 28, 50, 70]
1/5    6,468,000    [6, 49, 55, 400]
1/5    6,468,000    [11, 20, 25, 28, 42]
1/5    6,480,000    [9, 24, 25, 30, 40]
2/5    6,489,600    [3, 16, 40, 52, 65]
2/5    6,489,600    [3, 20, 32, 52, 65]
1/5    6,489,600    [8, 12, 20, 52, 65]
1/5    6,489,600    [10, 16, 24, 26, 65]
1/3    6,498,000    [4, 10, 25, 38, 171]
1/5    6,501,600    [10, 15, 24, 42, 43]
1/5    6,501,600    [10, 15, 28, 36, 43]
1/5    6,501,600    [10, 18, 24, 35, 43]
1/5    6,501,600    [14, 15, 20, 36, 43]
1/5    6,511,680    [7, 17, 228, 240]
2/5    6,528,000    [3, 16, 40, 50, 68]
1/5    6,528,000    [12, 17, 25, 32, 40]
1/5    6,530,160    [8, 14, 39, 1495]
1/5    6,534,000    [10, 15, 18, 44, 55]
1/4    6,547,968    [6, 21, 28, 29, 64]
1/5    6,552,000    [13, 15, 24, 35, 40]
1/5    6,552,000    [13, 20, 21, 24, 50]
1/5    6,552,000    [13, 21, 24, 25, 40]
1/5    6,552,000    [14, 16, 25, 30, 39]
1/5    6,555,120    [8, 13, 110, 573]
1/3    6,557,760    [5, 9, 23, 48, 132]
1/3    6,557,760    [5, 11, 23, 27, 192]
1/4    6,562,080    [6, 15, 21, 31, 112]
1/5    6,566,400    [12, 16, 19, 20, 90]
1/5    6,566,400    [15, 16, 19, 20, 72]
1/5    6,566,400    [15, 18, 19, 20, 64]
1/5    6,568,800    [7, 17, 230, 240]
1/5    6,577,200    [10, 15, 29, 36, 42]
1/5    6,577,200    [16, 21, 25, 27, 29]
1/3    6,584,160    [5, 11, 16, 86, 87]
1/5    6,584,760    [8, 13, 135, 469]
2/5    6,585,600    [3, 20, 32, 49, 70]
2/5    6,585,600    [3, 20, 35, 49, 64]
2/5    6,585,600    [3, 25, 32, 49, 56]
1/5    6,585,600    [14, 15, 16, 40, 49]
1/5    6,588,000    [10, 18, 24, 25, 61]
2/5    6,593,400    [4, 6, 11, 111, 225]
2/5    6,593,400    [4, 9, 11, 111, 150]
1/5    6,593,400    [10, 15, 33, 36, 37]
1/5    6,601,560    [7, 20, 58, 813]
1/4    6,606,336    [6, 17, 23, 2816]
1/5    6,611,220    [7, 18, 66, 795]
1/3    6,612,480    [7, 9, 10, 41, 256]
1/5    6,614,400    [13, 16, 20, 30, 53]
1/3    6,615,000    [4, 10, 25, 45, 147]
1/3    6,615,000    [4, 10, 25, 63, 105]
1/3    6,615,000    [4, 15, 25, 63, 70]
1/5    6,615,000    [12, 14, 25, 35, 45]
1/5    6,621,120    [16, 18, 19, 22, 55]
1/5    6,625,920    [7, 17, 232, 240]
1/5    6,625,920    [12, 16, 29, 34, 35]
1/5    6,630,000    [6, 26, 100, 425]
1/5    6,632,010    [6, 29, 165, 231]
1/5    6,641,700    [6, 26, 131, 325]
1/5    6,650,280    [13, 21, 24, 29, 35]
2/5    6,652,800    [6, 7, 9, 16, 20, 55]
1/5    6,652,800    [7, 18, 88, 600]
1/4    6,652,800    [9, 11, 28, 32, 75]
1/3    6,652,800    [10, 11, 14, 15, 16, 18]
1/4    6,652,800    [10, 11, 15, 21, 192]
1/5    6,652,800    [10, 15, 22, 42, 48]
1/4    6,652,800    [11, 14, 15, 18, 160]
1/5    6,652,800    [11, 24, 25, 28, 36]
1/5    6,652,800    [14, 15, 22, 36, 40]
1/3    6,654,960    [4, 10, 39, 54, 79]
1/3    6,654,960    [4, 15, 26, 54, 79]
1/5    6,654,960    [12, 13, 18, 30, 79]
1/3    6,661,200    [4, 10, 26, 35, 183]
1/3    6,667,920    [4, 10, 18, 63, 147]
1/3    6,667,920    [5, 8, 49, 54, 63]
1/5    6,667,920    [9, 12, 30, 42, 49]
1/5    6,669,000    [12, 15, 25, 26, 57]
2/5    6,679,200    [3, 23, 40, 44, 55]
1/5    6,682,500    [11, 18, 25, 30, 45]
1/5    6,683,040    [7, 17, 234, 240]
1/5    6,683,040    [13, 18, 24, 34, 35]
1/5    6,691,860    [7, 18, 94, 565]
1/3    6,692,400    [4, 10, 33, 65, 78]
1/3    6,692,400    [4, 15, 22, 65, 78]
1/5    6,696,000    [12, 16, 25, 31, 45]
1/5    6,709,500    [12, 15, 21, 25, 71]
1/5    6,711,600    [7, 17, 235, 240]
1/5    6,713,280    [14, 16, 18, 37, 45]
1/3    6,718,320    [4, 10, 43, 62, 63]
1/4    6,720,000    [7, 15, 25, 32, 80]
1/5    6,720,000    [7, 16, 200, 300]
1/3    6,739,200    [8, 9, 12, 13, 20, 30]
1/3    6,739,200    [9, 10, 13, 15, 16, 24]
1/5    6,739,200    [10, 15, 26, 32, 54]
1/5    6,739,200    [10, 15, 27, 32, 52]
1/5    6,739,200    [13, 15, 20, 36, 48]
1/5    6,739,200    [13, 16, 18, 40, 45]
1/5    6,739,200    [13, 16, 20, 36, 45]
1/5    6,739,200    [13, 16, 24, 25, 54]
1/5    6,739,200    [13, 18, 20, 32, 45]
1/5    6,740,160    [7, 17, 236, 240]
1/5    6,751,080    [7, 18, 95, 564]
1/4    6,761,664    [7, 18, 32, 39, 43]
1/3    6,762,000    [4, 10, 25, 42, 161]
1/5    6,762,600    [13, 15, 20, 34, 51]
1/5    6,768,720    [7, 17, 237, 240]
1/5    6,772,500    [6, 43, 50, 525]
1/5    6,773,760    [10, 18, 24, 32, 49]
1/5    6,773,760    [10, 21, 28, 32, 36]
1/5    6,776,000    [14, 16, 22, 25, 55]
1/5    6,783,840    [6, 21, 80, 673]
2/5    6,789,120    [5, 6, 13, 34, 512]
1/5    6,789,120    [6, 34, 65, 512]
1/3    6,791,400    [4, 10, 35, 49, 99]
1/5    6,791,400    [6, 21, 77, 700]
1/5    6,791,400    [6, 28, 77, 525]
1/5    6,793,200    [10, 15, 34, 36, 37]
1/3    6,795,000    [4, 10, 25, 45, 151]
1/5    6,797,280    [6, 28, 68, 595]
1/5    6,800,640    [14, 16, 23, 30, 44]
1/5    6,800,640    [15, 16, 22, 28, 46]
1/5    6,800,640    [15, 16, 23, 28, 44]
1/5    6,804,000    [10, 21, 24, 25, 54]
1/4    6,814,080    [6, 15, 26, 32, 91]
1/5    6,814,080    [14, 16, 18, 26, 65]
2/5    6,820,800    [3, 20, 28, 58, 70]
2/5    6,820,800    [3, 28, 29, 35, 80]
1/5    6,820,800    [10, 24, 28, 29, 35]
1/5    6,820,800    [12, 14, 29, 35, 40]
1/5    6,825,000    [8, 13, 125, 525]
1/5    6,825,840    [7, 17, 239, 240]
1/5    6,826,680    [12, 14, 21, 43, 45]
1/3    6,829,920    [5, 8, 51, 54, 62]
1/4    6,830,208    [6, 16, 21, 44, 77]
1/5    6,835,500    [6, 31, 105, 350]
1/3    6,840,288    [4, 13, 42, 54, 58]
1/5    6,844,320    [6, 21, 97, 560]
1/5    6,844,500    [10, 15, 18, 39, 65]
1/5    6,846,840    [8, 13, 133, 495]
1/5    6,853,770    [7, 23, 43, 990]
1/5    6,854,400    [7, 17, 160, 360]
1/5    6,854,400    [7, 17, 180, 320]
1/5    6,854,400    [7, 17, 192, 300]
1/5    6,854,400    [7, 17, 200, 288]
1/5    6,854,400    [7, 17, 225, 256]
1/5    6,854,400    [12, 15, 16, 28, 85]
1/5    6,854,400    [12, 15, 16, 35, 68]
1/5    6,854,400    [12, 16, 17, 30, 70]
1/5    6,854,400    [15, 16, 17, 24, 70]
1/5    6,854,400    [15, 16, 17, 40, 42]
1/5    6,854,400    [15, 17, 20, 21, 64]
2/5    6,864,000    [3, 25, 32, 52, 55]
2/5    6,864,000    [3, 26, 32, 50, 55]
1/5    6,864,000    [12, 16, 25, 26, 55]
1/5    6,864,000    [13, 16, 24, 25, 55]
1/3    6,874,560    [5, 11, 16, 62, 126]
1/3    6,874,560    [5, 11, 16, 63, 124]
1/5    6,879,600    [12, 13, 30, 35, 42]
1/5    6,879,600    [13, 14, 21, 40, 45]
1/5    6,879,600    [13, 14, 30, 35, 36]
1/5    6,879,600    [13, 15, 24, 35, 42]
1/5    6,879,600    [13, 15, 28, 35, 36]
1/5    6,879,600    [13, 18, 20, 35, 42]
1/5    6,879,600    [13, 18, 21, 35, 40]
1/5    6,879,600    [13, 20, 27, 28, 35]
2/5    6,888,000    [3, 25, 35, 41, 64]
1/5    6,888,000    [12, 14, 20, 41, 50]
1/5    6,888,000    [12, 16, 25, 35, 41]
1/5    6,888,000    [14, 16, 25, 30, 41]
1/5    6,888,960    [13, 16, 20, 36, 46]
2/5    6,894,720    [5, 9, 12, 16, 21, 38]
2/5    6,894,720    [5, 9, 16, 19, 21, 24]
1/4    6,894,720    [7, 19, 30, 32, 54]
1/3    6,894,720    [8, 10, 12, 14, 19, 27]
1/5    6,894,720    [16, 19, 20, 21, 54]
1/5    6,905,250    [6, 31, 135, 275]
1/5    6,911,520    [7, 17, 176, 330]
1/5    6,914,880    [10, 21, 24, 28, 49]
1/3    6,922,080    [5, 8, 46, 57, 66]
1/5    6,925,500    [12, 19, 25, 27, 45]
1/5    6,930,000    [12, 14, 25, 30, 55]
1/4    6,935,040    [6, 20, 21, 43, 64]
1/4    6,935,040    [7, 15, 32, 43, 48]
1/5    6,935,040    [10, 16, 24, 42, 43]
1/5    6,935,040    [12, 14, 16, 30, 86]
1/5    6,935,040    [12, 15, 16, 43, 56]
1/5    6,936,000    [10, 16, 25, 34, 51]
1/5    6,955,200    [14, 15, 20, 24, 69]
1/5    6,957,500    [10, 22, 23, 25, 55]
1/3    6,963,840    [5, 8, 31, 52, 108]
1/5    6,976,800    [12, 19, 20, 34, 45]
1/5    6,976,800    [16, 17, 19, 30, 45]
1/3    6,982,800    [4, 15, 22, 46, 115]
1/3    6,985,440    [9, 11, 12, 14, 20, 21]
1/5    6,989,220    [7, 18, 86, 645]
1/2    6,990,720    [3, 5, 22, 64, 331]
1/5    6,993,000    [7, 25, 37, 1080]
1/5    6,998,400    [8, 20, 27, 36, 45]
1/5    6,998,400    [10, 16, 27, 36, 45]
1/5    7,015,680    [15, 16, 18, 29, 56]
1/4    7,021,728    [6, 16, 27, 43, 63]
1/5    7,025,760    [7, 17, 205, 288]
1/5    7,027,800    [6, 26, 106, 425]
1/3    7,030,800    [4, 10, 18, 63, 155]
1/3    7,030,800    [9, 10, 12, 14, 15, 31]
1/5    7,038,360    [14, 15, 18, 38, 49]
1/5    7,043,400    [14, 15, 20, 39, 43]
1/4    7,056,000    [6, 21, 25, 32, 70]
1/5    7,056,000    [8, 20, 28, 35, 45]
1/5    7,056,000    [8, 20, 30, 35, 42]
1/5    7,056,000    [10, 15, 16, 35, 84]
1/5    7,056,000    [10, 21, 24, 25, 56]
1/5    7,068,000    [6, 31, 190, 200]
1/5    7,072,650    [6, 31, 117, 325]
1/5    7,076,160    [13, 15, 18, 42, 48]
1/5    7,076,160    [13, 15, 21, 36, 48]
1/5    7,078,500    [13, 15, 20, 33, 55]
1/5    7,078,500    [13, 15, 22, 33, 50]
1/5    7,095,600    [12, 15, 20, 27, 73]
1/4    7,098,624    [9, 12, 13, 64, 79]
1/5    7,100,100    [10, 15, 21, 46, 49]
2/5    7,104,000    [3, 25, 32, 37, 80]
1/3    7,104,240    [4, 22, 23, 27, 130]
1/3    7,104,240    [5, 11, 23, 27, 208]
1/5    7,113,600    [12, 16, 25, 26, 57]
1/5    7,113,600    [16, 18, 19, 20, 65]
2/5    7,114,800    [3, 20, 28, 55, 77]
1/5    7,125,300    [10, 15, 29, 39, 42]
1/3    7,128,000    [9, 11, 12, 15, 16, 25]
1/5    7,128,000    [9, 20, 24, 30, 55]
1/5    7,140,000    [7, 17, 150, 400]
1/4    7,142,400    [6, 15, 31, 32, 80]
1/4    7,142,400    [6, 15, 31, 40, 64]
1/3    7,144,200    [4, 15, 27, 63, 70]
1/3    7,151,760    [5, 9, 28, 33, 172]
1/5    7,151,760    [7, 18, 66, 860]
1/5    7,152,600    [8, 13, 131, 525]
1/4    7,154,784    [6, 16, 21, 39, 91]
1/4    7,156,800    [6, 15, 32, 35, 71]
1/5    7,161,840    [12, 15, 28, 29, 49]
1/5    7,161,840    [14, 15, 24, 29, 49]
1/3    7,182,000    [4, 10, 25, 42, 171]
1/5    7,182,000    [10, 21, 25, 36, 38]
1/5    7,182,000    [12, 14, 25, 30, 57]
1/5    7,182,000    [12, 18, 19, 25, 70]
1/5    7,186,200    [7, 20, 59, 870]
1/4    7,188,480    [9, 12, 13, 40, 128]
1/5    7,188,480    [9, 16, 24, 40, 52]
1/5    7,188,480    [10, 18, 24, 26, 64]
1/5    7,192,800    [10, 15, 24, 37, 54]
1/5    7,192,800    [10, 15, 27, 37, 48]
1/5    7,192,800    [10, 18, 24, 37, 45]
1/5    7,197,120    [14, 16, 18, 21, 85]
1/5    7,200,000    [8, 12, 20, 50, 75]
1/4    7,201,920    [6, 22, 31, 32, 55]
1/5    7,202,520    [12, 13, 18, 45, 57]
1/5    7,202,520    [12, 15, 19, 39, 54]
1/5    7,202,520    [13, 18, 19, 27, 60]
1/5    7,207,200    [12, 14, 22, 30, 65]
1/5    7,212,800    [8, 20, 28, 35, 46]
1/5    7,212,800    [10, 16, 28, 35, 46]
1/5    7,213,440    [13, 16, 20, 34, 51]
1/5    7,224,000    [6, 43, 50, 560]
1/3    7,234,920    [4, 21, 29, 33, 90]
1/3    7,234,920    [5, 11, 21, 27, 232]
1/5    7,254,000    [8, 13, 125, 558]
1/5    7,254,000    [10, 24, 25, 31, 39]
1/3    7,257,600    [7, 8, 12, 18, 20, 30]
1/3    7,257,600    [7, 12, 15, 16, 18, 20]
1/4    7,257,600    [7, 15, 27, 40, 64]
1/5    7,257,600    [8, 12, 20, 42, 90]
1/4    7,257,600    [9, 10, 15, 28, 192]
1/5    7,257,600    [9, 21, 30, 32, 40]
1/5    7,257,600    [10, 15, 18, 48, 56]
1/5    7,257,600    [10, 18, 28, 32, 45]
2/5    7,260,000    [3, 20, 25, 55, 88]
2/5    7,260,000    [3, 22, 25, 55, 80]
1/5    7,260,000    [10, 16, 25, 33, 55]
1/5    7,266,480    [6, 26, 137, 340]
1/5    7,276,500    [9, 11, 84, 875]
1/5    7,277,760    [6, 28, 57, 760]
1/5    7,277,760    [7, 18, 95, 608]
1/3    7,286,400    [8, 11, 12, 15, 20, 23]
1/3    7,286,400    [10, 11, 12, 15, 16, 23]
1/4    7,286,400    [10, 11, 15, 23, 192]
1/5    7,286,400    [10, 15, 22, 46, 48]
1/4    7,286,400    [11, 12, 15, 23, 160]
1/5    7,286,400    [12, 15, 22, 40, 46]
1/5    7,286,400    [12, 15, 23, 40, 44]
1/5    7,291,200    [6, 31, 196, 200]
1/4    7,296,000    [6, 20, 25, 38, 64]
1/5    7,297,290    [13, 21, 22, 27, 45]
1/5    7,300,800    [10, 16, 26, 39, 45]
1/5    7,300,800    [10, 18, 24, 26, 65]
1/5    7,300,800    [12, 15, 16, 39, 65]
1/5    7,308,000    [12, 14, 25, 30, 58]
1/5    7,308,000    [12, 15, 20, 29, 70]
1/5    7,308,000    [12, 15, 25, 29, 56]
2/5    7,311,360    [3, 20, 34, 56, 64]
1/4    7,311,360    [5, 21, 68, 1024]
1/5    7,311,360    [7, 17, 160, 384]
1/5    7,311,360    [14, 17, 20, 24, 64]
1/5    7,312,500    [6, 26, 75, 625]
1/5    7,315,000    [11, 20, 25, 35, 38]
1/5    7,318,080    [14, 16, 18, 33, 55]
1/5    7,323,750    [6, 31, 175, 225]
1/5    7,329,180    [6, 46, 47, 565]
1/5    7,338,240    [12, 13, 28, 40, 42]
1/5    7,338,240    [12, 15, 26, 32, 49]
1/5    7,338,240    [13, 14, 32, 35, 36]
1/5    7,338,240    [13, 16, 20, 28, 63]
1/5    7,338,240    [13, 16, 21, 24, 70]
1/5    7,338,240    [13, 20, 21, 24, 56]
1/5    7,344,000    [15, 17, 18, 32, 50]
1/5    7,354,200    [6, 35, 103, 340]
1/3    7,356,960    [5, 8, 36, 39, 131]
1/4    7,365,600    [9, 11, 31, 32, 75]
1/3    7,366,464    [8, 9, 12, 14, 21, 29]
1/5    7,371,000    [12, 13, 30, 35, 45]
1/5    7,371,000    [13, 21, 24, 25, 45]
1/5    7,373,520    [6, 21, 77, 760]
1/5    7,387,200    [10, 15, 18, 48, 57]
1/5    7,387,200    [10, 19, 24, 36, 45]
1/5    7,389,200    [10, 26, 28, 29, 35]
1/5    7,392,000    [11, 24, 25, 28, 40]
1/5    7,392,000    [12, 14, 25, 40, 44]
1/5    7,399,350    [6, 29, 135, 315]
1/5    7,399,350    [6, 29, 189, 225]
1/5    7,399,350    [10, 15, 27, 29, 63]
1/5    7,408,800    [9, 21, 28, 35, 40]
1/5    7,408,800    [10, 14, 21, 35, 72]
1/5    7,408,800    [10, 18, 21, 35, 56]
1/3    7,413,120    [8, 11, 12, 13, 18, 30]
1/4    7,423,680    [5, 19, 111, 704]
1/5    7,425,000    [9, 20, 25, 30, 55]
1/3    7,428,960    [5, 11, 16, 67, 126]
1/3    7,429,968    [4, 13, 42, 54, 63]
1/3    7,438,200    [4, 14, 23, 55, 105]
1/3    7,438,200    [4, 21, 23, 55, 70]
1/3    7,439,040    [5, 9, 21, 41, 192]
1/5    7,440,000    [6, 31, 160, 250]
1/5    7,440,000    [8, 20, 30, 31, 50]
1/5    7,441,200    [10, 15, 24, 39, 53]
1/5    7,441,200    [10, 15, 26, 36, 53]
1/5    7,441,920    [10, 16, 24, 34, 57]
1/5    7,441,920    [15, 16, 17, 24, 76]
1/3    7,448,760    [4, 19, 27, 55, 66]
1/3    7,455,000    [4, 10, 25, 71, 105]
1/3    7,455,000    [4, 15, 25, 70, 71]
1/4    7,459,200    [6, 15, 35, 37, 64]
1/3    7,484,400    [9, 10, 11, 15, 21, 24]
1/5    7,488,000    [12, 13, 30, 32, 50]
1/5    7,488,000    [13, 15, 24, 32, 50]
1/5    7,488,000    [13, 18, 25, 32, 40]
1/5    7,491,120    [8, 13, 98, 735]
1/5    7,491,330    [7, 22, 47, 1035]
1/5    7,491,330    [15, 21, 22, 23, 47]
1/4    7,499,520    [9, 10, 21, 62, 64]
1/3    7,502,880    [5, 11, 21, 29, 224]
1/5    7,507,500    [11, 25, 26, 30, 35]
1/3    7,510,320    [4, 19, 27, 30, 122]
2/5    7,512,960    [3, 20, 43, 52, 56]
2/5    7,512,960    [5, 6, 13, 43, 448]
1/5    7,512,960    [6, 43, 65, 448]
1/5    7,514,100    [12, 15, 23, 33, 55]
2/5    7,526,400    [3, 20, 32, 35, 112]
1/4    7,526,400    [6, 14, 32, 35, 80]
1/4    7,526,400    [6, 14, 35, 40, 64]
1/5    7,526,400    [10, 14, 32, 35, 48]
1/5    7,528,950    [9, 11, 78, 975]
1/5    7,539,840    [7, 17, 176, 360]
1/5    7,539,840    [7, 17, 180, 352]
1/5    7,541,100    [14, 15, 19, 35, 54]
2/5    7,550,400    [3, 22, 26, 55, 80]
1/5    7,550,400    [13, 16, 22, 33, 50]
1/5    7,551,360    [16, 18, 19, 20, 69]
1/3    7,560,000    [6, 7, 16, 50, 225]
1/5    7,567,560    [13, 14, 21, 44, 45]
1/5    7,567,560    [13, 18, 21, 35, 44]
1/5    7,567,560    [13, 18, 22, 35, 42]
1/5    7,569,760    [16, 17, 22, 23, 55]
1/4    7,584,192    [7, 19, 32, 33, 54]
1/3    7,585,200    [4, 10, 35, 43, 126]
1/5    7,585,200    [10, 15, 21, 43, 56]
1/5    7,585,200    [10, 21, 24, 35, 43]
1/5    7,585,200    [12, 14, 21, 43, 50]
1/5    7,590,000    [11, 23, 25, 30, 40]
1/3    7,596,072    [4, 18, 23, 33, 139]
1/4    7,603,200    [9, 11, 15, 64, 80]
1/5    7,603,200    [10, 15, 22, 32, 72]
1/5    7,603,200    [10, 15, 22, 36, 64]
1/5    7,603,200    [11, 18, 24, 32, 50]
1/5    7,620,480    [10, 21, 24, 28, 54]
1/3    7,623,000    [4, 10, 33, 75, 77]
1/3    7,633,440    [5, 8, 38, 54, 93]
1/3    7,637,760    [5, 13, 17, 27, 256]
1/5    7,637,760    [13, 16, 20, 36, 51]
1/5    7,637,760    [13, 16, 27, 34, 40]
1/5    7,637,760    [13, 20, 27, 32, 34]
1/5    7,644,000    [10, 21, 25, 26, 56]
1/5    7,644,000    [13, 15, 20, 28, 70]
1/5    7,644,000    [13, 20, 21, 25, 56]
1/3    7,650,720    [5, 9, 23, 84, 88]
1/3    7,650,720    [10, 11, 12, 14, 18, 23]
1/5    7,657,650    [6, 35, 85, 429]
1/5    7,660,800    [8, 20, 35, 36, 38]
1/5    7,665,280    [14, 16, 20, 29, 59]
1/3    7,665,840    [4, 10, 18, 91, 117]
1/3    7,665,840    [5, 8, 39, 54, 91]
1/5    7,672,320    [10, 16, 24, 37, 54]
1/5    7,673,400    [10, 15, 28, 29, 63]
1/5    7,673,400    [10, 18, 29, 35, 42]
1/5    7,673,400    [10, 21, 28, 29, 45]
1/5    7,673,400    [10, 21, 29, 35, 36]
1/5    7,673,400    [12, 14, 29, 35, 45]
1/5    7,673,400    [12, 15, 21, 29, 70]
1/5    7,675,200    [9, 13, 41, 1600]
1/5    7,675,500    [14, 15, 25, 34, 43]
1/5    7,686,000    [14, 15, 24, 25, 61]
1/4    7,687,680    [11, 13, 14, 30, 128]
1/4    7,687,680    [11, 13, 15, 28, 128]
1/5    7,692,300    [7, 18, 66, 925]
1/5    7,692,300    [9, 11, 84, 925]
1/3    7,695,000    [4, 19, 25, 30, 135]
1/3    7,695,324    [4, 21, 29, 39, 81]
1/3    7,700,400    [4, 10, 18, 93, 115]
1/3    7,700,400    [4, 15, 18, 62, 115]
1/3    7,707,960    [4, 15, 39, 54, 61]
1/5    7,711,200    [12, 17, 21, 40, 45]
1/5    7,712,820    [6, 27, 46, 1035]
1/5    7,722,000    [11, 24, 25, 30, 39]
1/5    7,722,000    [13, 18, 24, 25, 55]
1/5    7,722,000    [13, 20, 22, 27, 50]
1/5    7,728,000    [8, 20, 30, 35, 46]
1/5    7,732,620    [6, 35, 57, 646]
1/5    7,739,550    [9, 15, 35, 39, 42]
1/5    7,741,440    [10, 14, 32, 36, 48]
1/5    7,742,250    [6, 31, 185, 225]
1/4    7,756,560    [7, 16, 27, 45, 57]
1/5    7,756,560    [7, 19, 72, 810]
1/3    7,761,600    [8, 11, 14, 15, 20, 21]
1/5    7,761,600    [9, 11, 112, 700]
1/5    7,761,600    [10, 21, 22, 35, 48]
1/5    7,761,600    [11, 24, 25, 28, 42]
1/5    7,761,600    [12, 21, 22, 25, 56]
1/3    7,765,680    [4, 10, 38, 39, 131]
2/5    7,772,160    [3, 20, 32, 46, 88]
1/4    7,772,160    [10, 11, 23, 24, 128]
1/5    7,772,160    [10, 23, 24, 32, 44]
1/5    7,776,000    [8, 20, 25, 36, 54]
1/5    7,779,240    [10, 21, 27, 28, 49]
1/5    7,783,200    [10, 15, 24, 46, 47]
1/5    7,783,200    [12, 15, 20, 46, 47]
1/5    7,792,200    [10, 15, 26, 37, 54]
1/5    7,792,200    [10, 15, 27, 37, 52]
2/5    7,795,200    [3, 16, 40, 58, 70]
1/5    7,796,880    [13, 14, 34, 35, 36]
1/3    7,797,600    [4, 10, 18, 38, 285]
1/5    7,800,000    [6, 26, 125, 400]
1/3    7,801,920    [5, 8, 42, 43, 108]
2/5    7,801,920    [5, 9, 12, 16, 21, 43]
1/5    7,801,920    [10, 21, 24, 36, 43]
1/5    7,801,920    [14, 15, 18, 43, 48]
1/5    7,803,120    [8, 13, 123, 610]
1/4    7,805,952    [7, 12, 32, 44, 66]
2/5    7,807,800    [3, 11, 104, 2275]
1/5    7,812,000    [14, 15, 24, 31, 50]
2/5    7,814,400    [3, 20, 32, 55, 74]
1/3    7,814,664    [4, 22, 23, 27, 143]
1/5    7,822,080    [7, 18, 97, 640]
1/3    7,824,960    [5, 8, 33, 52, 114]
1/5    7,825,950    [6, 31, 187, 225]
1/5    7,840,000    [8, 20, 25, 28, 70]
1/5    7,840,800    [9, 22, 24, 30, 55]
1/5    7,854,000    [7, 17, 176, 375]
1/5    7,858,500    [6, 26, 125, 403]
1/5    7,858,500    [6, 31, 130, 325]
1/5    7,862,400    [13, 14, 30, 36, 40]
1/5    7,862,400    [13, 15, 20, 42, 48]
1/5    7,862,400    [13, 15, 28, 36, 40]
1/5    7,862,400    [13, 16, 24, 25, 63]
1/5    7,862,400    [13, 16, 27, 35, 40]
1/5    7,862,400    [13, 20, 21, 32, 45]
1/5    7,862,400    [13, 25, 27, 28, 32]
1/5    7,862,400    [14, 16, 25, 26, 54]
1/5    7,862,400    [15, 16, 18, 26, 70]
2/5    7,872,000    [3, 16, 40, 50, 82]
1/5    7,876,260    [6, 21, 95, 658]
1/5    7,878,000    [6, 26, 100, 505]
1/4    7,879,680    [5, 19, 108, 768]
1/5    7,884,000    [15, 16, 18, 25, 73]
1/5    7,884,240    [6, 28, 95, 494]
2/5    7,887,360    [3, 16, 40, 52, 79]
2/5    7,887,360    [3, 20, 32, 52, 79]
1/3    7,892,640    [4, 10, 29, 54, 126]
1/5    7,892,640    [9, 21, 24, 29, 60]
1/5    7,892,640    [9, 21, 29, 30, 48]
1/5    7,892,640    [14, 15, 24, 29, 54]
1/5    7,893,600    [8, 13, 115, 660]
1/5    7,898,880    [12, 16, 17, 44, 55]
1/5    7,900,200    [14, 19, 20, 33, 45]
1/5    7,900,200    [15, 18, 19, 20, 77]
1/5    7,902,720    [8, 12, 20, 42, 98]
1/5    7,902,720    [8, 12, 28, 30, 98]
1/5    7,902,720    [10, 16, 28, 36, 49]
1/5    7,902,720    [10, 21, 24, 32, 49]
1/5    7,905,600    [12, 16, 25, 27, 61]
1/3    7,909,200    [4, 10, 18, 65, 169]
1/5    7,921,200    [6, 41, 56, 575]
1/3    7,923,960    [5, 9, 23, 87, 88]
1/5    7,934,080    [14, 16, 20, 23, 77]
1/5    7,937,280    [12, 15, 16, 52, 53]
1/5    7,937,280    [13, 16, 20, 36, 53]
1/5    7,938,000    [9, 20, 21, 30, 70]
1/5    7,938,000    [9, 21, 24, 35, 50]
1/5    7,938,000    [9, 25, 28, 30, 42]
1/5    7,938,000    [10, 12, 35, 42, 45]
1/5    7,938,000    [10, 14, 35, 36, 45]
1/5    7,946,100    [10, 15, 18, 27, 109]
1/5    7,946,400    [10, 22, 24, 35, 43]
2/5    7,949,760    [3, 20, 28, 52, 91]
2/5    7,949,760    [4, 6, 10, 14, 26, 91]
1/3    7,949,760    [5, 8, 28, 39, 182]
2/5    7,956,480    [3, 20, 37, 56, 64]
1/5    7,959,600    [10, 15, 24, 33, 67]
1/5    7,960,680    [12, 13, 27, 30, 63]
1/5    7,960,680    [13, 15, 24, 27, 63]
1/5    7,964,460    [9, 21, 28, 35, 43]
1/5    7,964,460    [14, 15, 18, 43, 49]
1/3    7,970,040    [4, 15, 26, 39, 131]
1/5    7,992,000    [8, 20, 30, 37, 45]
1/5    7,996,800    [14, 16, 17, 35, 60]
1/5    7,996,800    [15, 16, 17, 35, 56]
1/5    8,002,800    [12, 19, 20, 27, 65]
1/5    8,004,150    [6, 35, 77, 495]
1/5    8,004,150    [10, 15, 21, 33, 77]
1/5    8,008,000    [14, 16, 25, 26, 55]
1/3    8,013,600    [6, 7, 16, 45, 265]
1/5    8,019,000    [11, 18, 25, 27, 60]
2/5    8,025,600    [3, 16, 40, 44, 95]
2/5    8,025,600    [3, 16, 40, 55, 76]
1/5    8,026,200    [13, 15, 21, 28, 70]
1/5    8,026,200    [13, 15, 21, 35, 56]
1/3    8,030,880    [5, 8, 33, 52, 117]
1/3    8,035,200    [6, 9, 15, 16, 20, 31]
1/4    8,035,200    [9, 10, 15, 31, 192]
1/5    8,035,200    [10, 15, 18, 48, 62]
1/5    8,037,120    [13, 16, 28, 30, 46]
1/5    8,038,800    [9, 11, 116, 700]
1/5    8,038,800    [10, 15, 29, 33, 56]
1/5    8,038,800    [10, 24, 29, 33, 35]
1/5    8,038,800    [12, 14, 29, 30, 55]
1/5    8,043,840    [15, 16, 18, 38, 49]
1/5    8,052,000    [10, 22, 24, 25, 61]
1/5    8,057,070    [6, 29, 147, 315]
1/3    8,058,600    [4, 15, 33, 55, 74]
1/5    8,085,000    [12, 14, 25, 35, 55]
1/5    8,090,880    [10, 16, 28, 42, 43]
1/5    8,091,000    [12, 15, 25, 31, 58]
1/2    8,094,720    [3, 5, 31, 34, 512]
1/5    8,096,760    [12, 14, 21, 27, 85]
1/3    8,102,160    [4, 10, 31, 66, 99]
1/5    8,102,640    [6, 40, 53, 637]
1/5    8,102,640    [12, 14, 26, 35, 53]
1/5    8,102,640    [13, 14, 21, 40, 53]
1/5    8,108,100    [14, 15, 18, 33, 65]
1/5    8,112,000    [8, 20, 26, 30, 65]
1/5    8,112,000    [10, 15, 16, 52, 65]
1/5    8,115,120    [12, 13, 30, 34, 51]
1/5    8,115,120    [13, 15, 24, 34, 51]
1/5    8,115,120    [13, 18, 20, 34, 51]
1/3    8,125,920    [5, 11, 16, 54, 171]
1/3    8,127,000    [4, 10, 35, 43, 135]
1/3    8,127,000    [4, 10, 43, 63, 75]
1/5    8,127,000    [10, 21, 25, 36, 43]
1/5    8,127,600    [6, 26, 100, 521]
2/5    8,131,200    [3, 20, 28, 55, 88]
1/5    8,139,600    [7, 17, 171, 400]
1/3    8,149,680    [6, 8, 11, 49, 315]
1/3    8,154,000    [4, 10, 18, 75, 151]
1/3    8,154,000    [4, 15, 18, 50, 151]
1/5    8,164,800    [10, 18, 21, 45, 48]
1/3    8,167,500    [4, 15, 25, 55, 99]
1/5    8,168,160    [6, 28, 68, 715]
1/5    8,168,160    [13, 22, 24, 34, 35]
2/5    8,171,520    [3, 19, 32, 56, 80]
2/5    8,171,520    [3, 19, 40, 56, 64]
1/3    8,173,440    [5, 8, 33, 36, 172]
1/5    8,174,400    [6, 26, 131, 400]
1/5    8,180,640    [8, 13, 115, 684]
1/5    8,181,810    [14, 15, 27, 37, 39]
1/5    8,184,960    [12, 15, 29, 32, 49]
1/5    8,185,320    [12, 15, 22, 39, 53]
1/4    8,186,880    [5, 26, 41, 1536]
2/5    8,197,200    [6, 8, 9, 11, 23, 75]
1/3    8,197,200    [9, 11, 12, 15, 20, 23]
1/5    8,205,120    [14, 16, 22, 37, 45]
1/5    8,208,000    [12, 16, 19, 45, 50]
1/5    8,208,000    [15, 16, 19, 25, 72]
1/3    8,213,400    [4, 15, 18, 65, 117]
1/5    8,213,400    [9, 12, 30, 39, 65]
1/5    8,213,400    [9, 15, 24, 39, 65]
1/3    8,225,280    [7, 9, 10, 34, 384]
1/5    8,225,280    [7, 17, 144, 480]
1/5    8,225,280    [7, 17, 160, 432]
1/5    8,225,280    [14, 16, 17, 24, 90]
1/5    8,225,280    [14, 16, 17, 36, 60]
1/5    8,225,280    [14, 17, 18, 24, 80]
1/3    8,230,320    [5, 8, 42, 69, 71]
1/5    8,232,000    [8, 20, 30, 35, 49]
1/5    8,232,000    [10, 15, 16, 35, 98]
1/3    8,236,080    [4, 15, 18, 62, 123]
1/5    8,236,800    [13, 15, 20, 44, 48]
1/5    8,236,800    [13, 15, 24, 40, 44]
1/3    8,255,520    [5, 13, 14, 21, 432]
1/5    8,255,520    [9, 21, 24, 35, 52]
1/5    8,255,520    [9, 21, 28, 39, 40]
1/5    8,255,520    [9, 24, 28, 35, 39]
1/5    8,255,520    [13, 14, 21, 30, 72]
1/5    8,255,520    [13, 14, 24, 35, 54]
1/5    8,255,520    [13, 18, 20, 28, 63]
1/5    8,265,600    [14, 16, 18, 41, 50]
1/5    8,267,280    [6, 35, 76, 518]
1/5    8,294,400    [9, 15, 32, 40, 48]
1/5    8,299,200    [14, 16, 25, 38, 39]
1/5    8,300,250    [6, 31, 105, 425]
1/5    8,300,250    [6, 31, 175, 255]
1/4    8,302,080    [5, 24, 47, 1472]
1/5    8,310,600    [10, 19, 27, 36, 45]
1/5    8,311,680    [13, 16, 27, 37, 40]
1/5    8,311,680    [13, 20, 27, 32, 37]
1/5    8,314,800    [6, 41, 52, 650]
1/5    8,316,000    [11, 20, 25, 36, 42]
1/5    8,317,440    [8, 12, 20, 57, 76]
1/5    8,323,200    [12, 15, 16, 34, 85]
1/5    8,331,120    [8, 19, 29, 1890]
1/5    8,331,120    [14, 19, 24, 29, 45]
2/5    8,332,800    [3, 25, 31, 56, 64]
2/5    8,332,800    [3, 28, 31, 32, 100]
1/4    8,332,800    [7, 15, 31, 40, 64]
1/5    8,334,900    [10, 14, 21, 35, 81]
1/5    8,334,900    [10, 15, 18, 49, 63]
1/4    8,340,480    [5, 18, 181, 512]
1/5    8,349,000    [12, 22, 23, 25, 55]
1/5    8,355,480    [10, 21, 28, 29, 49]
1/5    8,363,520    [10, 16, 33, 36, 44]
1/5    8,363,520    [10, 18, 32, 33, 44]
1/5    8,370,000    [9, 20, 30, 31, 50]
1/5    8,379,000    [6, 21, 76, 875]
1/5    8,379,000    [6, 28, 57, 875]
1/3    8,379,360    [5, 8, 33, 69, 92]
1/5    8,385,930    [6, 29, 153, 315]
1/4    8,386,560    [7, 15, 24, 52, 64]
1/5    8,386,560    [13, 14, 32, 36, 40]